1404836638 23.482442 1
1404837432 23.555076 1
1404840130 23.900456 1
1404840154 37.202543 0
1404840595 23.595778 1
1404841133 23.236789 1
1404841455 23.270709 1
1404844142 23.049932 1
1404846000 7.984369 1
1404898951 23.495039 1
1404900245 8.449284 1
1404920251 23.208828 1
1404983352 23.672057 1
1404997767 9.997618 1
1405003741 9.691728 1
1405004422 8.211896 1
1405005234 23.572285 1
1405008982 0.416944 0
1405008982 23.165718 1
1405009340 8.898047 0
1405010800 23.225552 0
1405018148 8.362666 1
1405037084 23.260756 1
1405040407 8.531158 1
1405047607 22.984642 1
1405047630 0.482220 1
1405054807 8.047138 1
1405062008 7.976214 1
1405068535 23.198522 0
1405069221 8.045359 1
1405074395 9.053080 1
1405076419 8.016025 1
1405082916 8.903911 0
1405093996 8.817023 1
1405095645 8.978846 1
1405098025 9.093249 1
1405254638 9.137313 1
1405263636 8.722596 1
1405270808 23.293950 1
1405328654 23.492185 1
1405334901 8.773494 1
1405334986 8.205109 1
1405335366 8.140129 0
1405335815 9.202309 1
1405342817 23.283016 1
1405343523 8.242081 0
1405345399 23.466491 1
1405348667 23.061973 1
1405349542 23.084211 0
1405354410 8.708031 1
1405418225 22.049257 0
1405418247 8.111745 0
1405418256 5.770617 0
1405418309 13.971313 0
1405420833 23.570151 1
1405423818 23.520123 1
1405424005 7.970001 1
1405428546 23.262530 0
1405429245 8.289655 1
1405432673 23.082847 1
1405434654 23.479283 1
1405436421 22.858463 1
1405439294 23.088398 1
1405439756 23.488687 0
1405440660 8.525211 0
1405443435 71.394712 1
1405443840 23.647959 1
1405444872 23.356390 0
1405450822 206.413611 0
1405451029 32.657775 1
1405452008 9.270601 1
1405454622 9.042909 1
1405500772 8.516735 1
1405508419 8.926315 1
1405515625 8.452937 1
1405522819 23.196094 1
1405527506 23.246851 1
1405532140 10.670418 1
1405536176 23.199390 1
1405537218 9.257169 1
1405537228 124.161913 0
1405538105 23.025087 0
1405538709 9.413772 0
1405544419 7.579278 1
1405555447 8.597821 1
1405558011 7.875281 0
1405587480 23.081112 1
1405587815 8.436920 1
1405609224 8.606269 1
1405610460 8.280471 1
1405615611 7.976658 0
1405681248 9.486528 1
1405687726 8.975641 0
1405691978 9.326765 1
1405694756 8.687351 1
1405694841 8.119322 1
1405789217 8.789012 0
1405932673 8.480818 1
1405940439 7.694483 1
1405946002 23.053389 1
1405947111 8.940238 0
1405951735 8.573567 0
1405968913 23.956470 1
1406033456 23.702690 1
1407404459 23.920983 1
1407418364 105.026979 0
1407418628 27.429625 0
1407418656 1.692124 0
1407418657 44.360434 0
1407423663 23.449634 1
1407426908 23.705155 1
1407427544 99.052307 0
1407427767 23.272901 1
1407483609 23.439675 1
1407484209 24.003817 1
1407485404 23.407392 1
1407486004 23.401190 1
1407486604 23.404272 1
1407487204 23.023143 1
1407487805 23.213902 1
1407488404 23.405646 1
1407490359 23.190497 1
1407490769 23.198257 1
1407497401 23.259031 1
1407498001 23.196737 1
1407498601 23.199642 1
1407499201 23.417448 1
1407500311 23.476430 1
1407500794 23.401148 1
1407501223 23.193480 1
1407501620 23.598239 1
1407502201 22.988618 1
1407502801 23.205614 1
1407503871 23.055414 1
1407504272 23.181749 1
1407504684 23.204426 1
1407505202 23.200783 1
1407505802 23.228202 1
1407506402 23.407260 1
1407507432 130.734240 0
1407507563 0.384138 0
1407507563 120.647087 0
1407507684 130.538414 0
1407507814 0.354673 0
1407507815 120.632391 0
1407507935 130.530834 0
1407508066 0.366587 0
1407508066 120.628653 0
1407508187 130.571556 0
1407508318 0.471087 0
1407508318 120.539994 0
1407508440 130.541888 0
1407508571 0.371522 0
1407508571 120.659770 0
1407508692 130.530315 0
1407508822 0.393921 0
1407508823 120.448630 0
1407508943 130.521064 0
1407509074 0.404126 0
1407509074 120.617179 0
1407509195 130.556595 0
1407509325 0.374925 0
1407509326 120.481878 0
1407509448 130.551732 0
1407509578 0.366707 0
1407509579 120.654000 0
1407509699 130.559971 0
1407509830 0.372005 0
1407509830 120.484354 0
1407509951 130.556137 0
1407510081 0.372114 0
1407510082 120.650546 0
1407510202 130.542649 0
1407510333 0.376317 0
1407510333 120.638626 0
1407510455 130.529316 0
1407510586 0.385534 0
1407510586 120.474181 0
1407510707 130.558545 0
1407510837 0.373874 0
1407510838 120.647123 0
1407510959 130.569373 0
1407511089 0.369451 0
1407511090 120.642658 0
1407511210 130.537316 0
1407511341 0.364071 0
1407511341 120.482828 0
1407511463 130.546847 0
1407511594 0.372711 0
1407511594 120.650634 0
1407511715 130.520209 0
1407511845 0.388595 0
1407511846 120.648622 0
1407511966 130.521804 0
1407512097 0.391559 0
1407512097 120.651837 0
1407512218 130.536257 0
1407512349 0.381467 0
1407512349 120.651983 0
1407512471 130.556324 0
1407512602 0.376820 0
1407512602 120.647038 0
1407512723 130.542138 0
1407512855 0.366738 0
1407512855 120.731819 0
1407512976 130.550382 0
1407513106 0.364642 0
1407513107 120.634340 0
1407513227 130.547667 0
1407513358 0.395297 0
1407513358 120.655975 0
1407513479 130.527002 0
1407513610 0.397179 0
1407513610 120.645876 0
1407513731 130.549113 0
1407513863 0.370463 0
1407513863 120.649870 0
1407513984 130.553080 0
1407514114 0.385141 0
1407514115 120.478843 0
1407514235 130.530405 0
1407514366 0.374295 0
1407514366 120.644571 0
1407514487 130.548068 0
1407514617 0.371506 0
1407514618 120.656938 0
1407514739 130.534138 0
1407514870 0.362004 0
1407514871 120.643720 0
1407514991 130.565228 0
1407515122 0.396815 0
1407515123 120.634446 0
1407515243 130.540300 0
1407515374 0.362061 0
1407515374 120.641070 0
1407515495 130.534230 0
1407515625 0.364729 0
1407515626 120.658604 0
1407515747 130.538043 0
1407515878 0.365602 0
1407515879 120.640789 0
1407516000 130.568147 0
1407516130 0.387221 0
1407516131 120.643224 0
1407516251 130.554394 0
1407516382 0.485002 0
1407516382 120.565518 0
1407516503 130.524744 0
1407516633 0.377066 0
1407516634 120.631728 0
1407516755 130.536902 0
1407516886 0.386229 0
1407516887 120.632783 0
1407517008 130.572243 0
1407517138 0.355444 0
1407517139 120.640414 0
1407517259 130.540961 0
1407517390 0.373914 0
1407517390 120.637136 0
1407517511 130.542499 0
1407517641 0.377998 0
1407517642 120.648703 0
1407517763 130.555823 0
1407517894 0.378111 0
1407517895 120.644492 0
1407518016 130.556068 0
1407531003 23.519095 1
1407531604 23.390305 1
1407532683 23.199342 1
1407533076 23.407766 1
1407533464 23.015108 1
1407534208 23.421941 1
1407534604 23.205270 1
1407535204 178.785652 0
1407535383 164.074473 0
1407535547 164.081011 0
1407535711 164.165082 0
1407535876 164.038297 0
1407536040 163.956054 0
1407536204 163.969007 0
1407536368 164.087865 0
1407536532 164.267604 0
1407536697 164.177977 0
1407536861 164.169446 0
1407537025 163.992875 0
1407537189 164.166622 0
1407537353 163.971701 0
1407537517 164.165710 0
1407537682 164.178316 0
1407537847 164.261987 0
1407538011 164.380761 0
1407538176 164.159356 0
1407538340 163.978369 0
1407538504 164.068936 0
1407538668 164.175651 0
1407538832 164.078828 0
1407538996 164.084352 0
1407539160 164.168835 0
1407539325 164.377695 0
1407539489 164.088773 0
1407539653 164.151168 0
1407539819 164.020539 0
1407539983 164.343413 0
1407540147 164.069120 0
1407540311 164.178073 0
1407540475 164.273417 0
1407540640 164.283291 0
1407540804 164.063599 0
1407540968 163.965484 0
1407541132 164.189785 0
1407541296 164.063192 0
1407541460 164.075003 0
1407541625 164.082072 0
1407541790 164.290109 0
1407541954 164.270056 0
1407542119 164.171142 0
1407542283 164.079044 0
1407542447 164.177798 0
1407542611 164.269453 0
1407542775 163.982389 0
1407542939 164.072190 0
1407543103 163.970739 0
1407543267 164.085359 0
1407543432 164.172608 0
1407543596 164.372821 0
1407543761 164.047899 0
1407543926 163.961245 0
1407544090 163.980818 0
1407544254 164.072036 0
1407544418 164.070425 0
1407544582 164.089195 0
1407544746 163.955714 0
1407544910 163.965047 0
1407545074 164.181398 0
1407545238 164.184371 0
1407545402 163.972865 0
1407545566 163.975756 0
1407545731 164.207511 0
1407545896 164.169287 0
1407546060 164.185717 0
1407546224 164.165253 0
1407546390 163.953108 0
1407546554 164.051917 0
1407546718 164.260631 0
1407546882 164.081685 0
1407547046 164.067279 0
1407547210 164.182554 0
1407547374 164.251454 0
1407547539 164.070281 0
1407547703 164.277563 0
1407547867 164.462819 0
1407548032 164.168207 0
1407548196 164.081196 0
1407548361 164.178270 0
1407548525 164.276573 0
1407548690 163.983354 0
1407548854 164.172880 0
1407549018 164.184614 0
1407549182 164.271566 0
1407549346 163.967620 0
1407549510 164.376343 0
1407549675 164.171209 0
1407549839 164.086336 0
1407550003 164.261219 0
1407550167 164.263095 0
1407550333 164.325546 0
1407550497 164.347497 0
1407550662 164.065610 0
1407550826 164.086516 0
1407550990 164.167488 0
1407551154 164.072151 0
1407551318 164.176869 0
1407551483 163.972452 0
1407551647 164.289507 0
1407551811 164.156284 0
1407551975 164.262573 0
1407552139 164.478916 0
1407552305 163.987318 0
1407552469 164.163555 0
1407552633 164.379487 0
1407552798 164.465466 0
1407552962 164.264736 0
1407553127 164.459904 0
1407553291 164.160295 0
1407553455 164.264480 0
1407553620 164.176678 0
1407553784 164.274983 0
1407553948 164.472751 0
1407554113 164.272475 0
1407554278 164.209278 0
1407554443 164.185211 0
1407554607 164.079576 0
1407554771 164.154213 0
1407554935 164.254599 0
1407555099 164.156845 0
1407555264 164.155891 0
1407555428 164.166416 0
1407555592 164.443105 0
1407555756 164.328734 0
1407555921 164.264226 0
1407556085 164.049769 0
1407585469 23.627731 1
1407587346 23.205175 1
1407591554 23.407204 1
1407600606 23.325947 1
1407601212 24.197939 1
1407601812 24.014332 1
1407602411 23.805807 1
1407603014 24.000452 1
1407603612 24.040413 1
1407604673 23.793837 1
1407605099 205.137519 0
1407605304 189.886291 0
1407605494 190.025558 0
1407605684 189.952477 0
1407605874 190.362210 0
1407606065 142.575910 0
1407606654 204.807104 0
1407607299 24.001120 1
1407607756 185.627283 0
1407608372 23.413638 1
1407610297 23.202874 1
1407610756 23.794944 1
1407611131 23.397729 1
1407611613 24.203045 1
1407611987 23.824793 1
1407614725 23.603763 1
1407615465 23.013322 1
1407616300 23.600187 1
1407617296 204.885779 0
1407677410 23.628527 1
1407678010 23.082722 1
1407678603 23.422781 1
1407679210 23.052210 1
1407680286 23.914656 1
1407680691 24.248746 1
1407681223 23.469834 1
1407681757 24.465017 1
1407682212 24.067734 1
1407696983 23.461942 1
1407697369 23.853357 1
1407697812 189.018974 0
1407698512 23.056225 1
1407699188 23.458027 1
1407700246 23.445514 1
1407700754 22.766599 1
1407757287 23.571515 1
1407760802 23.470873 1
1407761424 23.284588 1
1407762205 23.441219 1
1407763302 23.226765 1
1407763976 23.230823 1
1407765008 23.507036 1
1407765617 23.252871 1
1407766828 23.255104 1
1407767435 23.225413 1
1407768162 23.083339 1
1407768914 23.250455 1
1407769680 23.455268 1
1407770527 23.247526 1
1407771547 23.284323 1
1407772399 23.654704 1
1407773246 23.610096 1
1407773933 23.061261 1
1407774961 23.270707 1
1407775786 23.475609 1
1407776904 23.487575 1
1407777314 23.676147 1
1407777905 23.484397 1
1407778542 23.108390 1
1407794823 23.247811 1
1407795462 23.438810 1
1407796578 22.839184 1
1407796992 23.641549 1
1407797669 206.205891 0
1407798911 23.468353 1
1407799720 23.445518 1
1407800375 23.454676 1
1407801653 23.507816 1
1407802076 23.696827 1
1407802652 24.099382 1
1407818037 204.444974 0
1407819095 204.971272 0
1407819300 189.853671 0
1407819490 189.595479 0
1407819680 189.711705 0
1407819869 189.768186 0
1407820059 189.869821 0
1407820249 189.423288 0
1407820439 189.754399 0
1407820628 189.785566 0
1407820818 189.612142 0
1407821008 189.638624 0
1407821198 189.533466 0
1407821387 189.422351 0
1407821577 189.559044 0
1407821766 189.736860 0
1407821956 189.562018 0
1407822146 189.744956 0
1407822336 189.539310 0
1407822525 189.916923 0
1407822715 189.789265 0
1407822905 189.715820 0
1407823095 189.527142 0
1407823284 189.542537 0
1407823474 189.734710 0
1407823664 189.741876 0
1407823854 189.612975 0
1407824043 189.858653 0
1407824233 189.742670 0
1407824423 189.752734 0
1407824613 189.957270 0
1407824803 189.624204 0
1407824993 189.707255 0
1407825182 189.546064 0
1407825372 189.469279 0
1407825561 189.633264 0
1407825751 189.713046 0
1407825941 189.886302 0
1407826131 189.782059 0
1407826321 189.481995 0
1407826510 189.584699 0
1407826700 189.598815 0
1407826890 189.834008 0
1407827079 189.665097 0
1407827269 189.570070 0
1407827459 189.550041 0
1407827648 189.721389 0
1407827838 189.658555 0
1407828028 189.632808 0
1407828217 189.551960 0
1407828407 189.574182 0
1407828597 189.689996 0
1407828786 189.941788 0
1407828976 189.838071 0
1407829166 189.902254 0
1407829356 189.651489 0
1407829546 189.650921 0
1407829736 189.818710 0
1407829926 189.809356 0
1407830115 189.724338 0
1407830305 190.047890 0
1407830495 189.853006 0
1407830685 189.811270 0
1407830875 190.081585 0
1407831065 189.635652 0
1407850742 23.240772 1
1407851499 23.004856 1
1407852220 23.200029 1
1407853000 22.994918 1
1407853725 23.439301 1
1407854974 22.848409 1
1407855453 23.409756 1
1407856290 23.002755 1
1407857138 23.197243 1
1407857883 22.798476 1
1407858922 23.004340 1
1407860353 23.810456 1
1407861134 23.400194 1
1407861852 23.429877 1
1407862894 23.201913 1
1407870701 23.397225 1
1407871518 23.415835 1
1407872640 764.629869 0
1407873405 764.431641 0
1407874170 764.659106 0
1407874934 764.472270 0
1407875699 764.385364 0
1407876463 764.470776 0
1407877228 764.761061 0
1407877992 764.461870 0
1407878757 764.478674 0
1407879521 764.584844 0
1407880286 764.659541 0
1407881051 764.579520 0
1407881815 764.476520 0
1407882580 764.553117 0
1407883344 764.578434 0
1407884109 764.649710 0
1407884874 764.564688 0
1407885638 764.375351 0
1407886403 764.556817 0
1407887167 764.570930 0
1407887932 764.583458 0
1407888697 764.539966 0
1407889461 764.581415 0
1407890226 764.557490 0
1407890990 764.572923 0
1407891755 764.428845 0
1407892519 764.543874 0
1407893284 764.527416 0
1407894049 764.689333 0
1407894813 764.440567 0
1407895578 764.553435 0
1407896342 764.464419 0
1407897107 764.566094 0
1407897872 764.677235 0
1407898636 764.571223 0
1407899401 764.689029 0
1407900166 764.561300 0
1407900930 764.666972 0
1407901695 764.486492 0
1407902459 764.674775 0
1407903224 764.560892 0
1407903989 764.574232 0
1407904753 764.468511 0
1407905518 764.673577 0
1407906283 764.548661 0
1407907047 764.550271 0
1407907812 764.563881 0
1407908576 764.689035 0
1407909341 764.548565 0
1407910106 764.459845 0
1407910870 764.558665 0
1407911635 764.656552 0
1407912399 764.666955 0
1407913164 764.576384 0
1407913929 764.476573 0
1407914693 764.476202 0
1407915458 764.768071 0
1407916222 764.576676 0
1407916987 764.485785 0
1407917752 764.569552 0
1407921609 23.678237 1
1407922214 23.792764 1
1407922815 23.432220 1
1407923416 23.194828 1
1407924018 23.409330 1
1407925284 23.410185 1
1407925691 23.405438 1
1407926097 23.197192 1
1407926512 23.406200 1
1407927011 22.799620 1
1407927603 23.192875 1
1407928804 23.403247 1
1407929215 23.416261 1
1407929604 23.119611 1
1407930006 23.397656 1
1407930611 23.408905 1
1407931204 23.006693 1
1407938401 23.874478 1
1407939628 23.616028 1
1407940270 23.196109 1
1407940747 23.697396 1
1407941202 24.011230 1
1407941667 23.695194 1
1407942084 23.194533 1
1407943295 791.311237 0
1407944769 22.823928 0
1407945001 24.902700 1
1407945606 24.007754 1
1407946837 206.574465 0
1407947044 190.169943 0
1407947234 189.959884 0
1407947424 190.084035 0
1407947614 189.900811 0
1407947804 189.889591 0
1407947994 189.759781 0
1407948184 189.758811 0
1407948374 190.065214 0
1407948564 190.551152 0
1407948755 189.958703 0
1407948945 28.818624 0
1407948973 8.280300 0
1407948982 96.283944 0
1407949078 102.413127 0
1407949181 1.804666 0
1407949434 23.627071 1
1407949804 23.587913 1
1407950411 208.731025 0
1407951017 24.238166 1
1407951604 24.000665 1
1407952209 24.417367 1
1407952813 23.998052 1
1407958202 206.724829 0
1407958818 23.604701 1
1407959407 23.839141 1
1407976560 25.007739 1
1407977590 24.620973 1
1407978461 23.617048 1
1407979271 23.791501 1
1407980106 24.007638 1
1407981321 23.414900 1
1407981830 23.999843 1
1408012238 23.314020 1
1408026009 23.688222 1
1408026611 23.650343 1
1408027211 22.850875 1
1408027810 22.863634 1
1408028418 23.284487 1
1408029618 23.276928 1
1408030046 23.085297 1
1408030524 22.883703 1
1408031049 23.280893 1
1408031727 23.221908 1
1408032176 23.215508 1
1408033378 23.229302 1
1408033858 23.616638 1
1408034567 23.197373 1
1408035579 23.411702 1
1408036440 23.223111 1
1408039052 23.591408 1
1408040245 23.810771 1
1408040724 22.802802 1
1408041572 23.387800 1
1408042315 23.311423 1
1408043113 23.399672 1
1408043931 23.629841 1
1408045111 23.390054 1
1408101613 25.698560 1
1408102212 23.281066 1
1408102804 23.685877 1
1408103404 23.307219 1
1408104011 24.105738 1
1408105207 23.894458 1
1408105608 23.463188 1
1408106026 23.478982 1
1408107603 23.159959 1
1408108770 23.272105 1
1408109263 23.267691 1
1408109716 23.879898 1
1408110130 23.261152 1
1408110612 23.288965 1
1408111212 23.067009 1
1408112374 23.215157 1
1408113250 23.271096 1
1408113673 70.768612 1
1408114210 23.459551 1
1408114811 23.394631 1
1408116015 23.405522 1
1408116496 23.253831 1
1408116947 23.481671 1
1408117451 23.665474 1
1408117870 23.479113 1
1408118412 23.070010 1
1408119008 23.269977 1
1408119609 23.676393 1
1408120206 23.670859 1
1408120805 23.473658 1
1408134182 23.022663 1
1408352079 23.904619 1
1408352534 23.522269 1
1408354231 23.080469 1
1408355328 23.071939 1
1408356604 23.078103 1
1408358401 23.055067 1
1408359009 23.081421 1
1408359608 22.680697 1
1408360809 23.265039 1
1408361413 23.069627 1
1408362015 23.249940 1
1408362655 22.870723 1
1408363242 23.066205 1
1408364334 23.232394 1
1408364754 23.444345 1
1408365174 23.026950 1
1408365610 23.280371 1
1408366121 23.044243 1
1408366463 23.001183 1
1408366804 22.814274 1
1408368102 23.276717 1
1408368581 23.025483 1
1408369038 23.230014 1
1408369569 23.001446 1
1408370021 22.609847 1
1408370473 23.006183 1
1408371527 23.485721 1
1408371958 23.009717 1
1408372394 23.196672 1
1408372847 23.011159 1
1408373405 23.019442 1
1408374003 22.798365 1
1408375158 23.004956 1
1408375705 23.217808 1
1408376130 22.995424 1
1408376581 23.433514 1
1408377116 23.004743 1
1408377605 23.039341 1
1408378777 23.003423 1
1408379408 23.011925 1
1408379830 23.016195 1
1408380298 23.440695 1
1408380762 23.206188 1
1408381207 23.003626 1
1408382310 130.816744 0
1408382441 0.376453 0
1408382442 284.865915 0
1408382727 304.275669 0
1408383031 0.377720 0
1408383031 283.675188 0
1408383315 304.362425 0
1408383619 0.399502 0
1408383620 282.944523 0
1408383903 305.537406 0
1408384208 0.366062 0
1408384209 283.726260 0
1408384493 304.334567 0
1408384797 0.388105 0
1408384797 274.854853 0
1408385072 308.305086 0
1408385381 0.378089 0
1408385381 284.729100 0
1408385666 294.257721 0
1408385960 0.392848 0
1408385961 3201.227304 0
1408389162 304.355722 0
1408389466 0.383500 0
1408389467 274.682622 0
1408389741 3126.502217 0
1408392868 0.374650 0
1408392868 283.703093 0
1408393152 304.331236 0
1408393456 0.370831 0
1408393457 285.723231 0
1408393743 306.381753 0
1408394049 0.373187 0
1408394049 283.716177 0
1408394333 303.293482 0
1408394636 0.398639 0
1408394637 283.695829 0
1408394921 304.366075 0
1408395225 0.396358 0
1408395225 272.565064 0
1408395498 298.586391 0
1408395797 0.402489 0
1408395797 3043.602590 0
1408398841 303.553247 0
1408399144 0.378655 0
1408399145 283.699367 0
1408399429 305.338511 0
1408399734 0.470349 0
1408399734 284.867783 0
1408400019 304.390539 0
1408400324 0.396692 0
1408400324 283.697343 0
1408400608 304.500785 0
1408400912 0.399371 0
1408400913 143.232566 0
1408401056 0.381041 0
1408401057 3.876860 0
1408401060 0.357372 0
1408401061 136.739559 0
1408401198 294.315064 0
1408401492 0.357433 0
1408401503 1563.624404 0
1408465849 23.806462 1
1408468424 23.252976 1
1408470149 23.075527 1
1408473363 23.294889 1
1408473825 23.017262 1
1408474261 64.122963 1
1408475193 22.903239 1
1408476070 23.279271 1
1408476696 23.249948 1
1408477136 23.057052 1
1408477615 23.269025 1
1408478065 23.088363 1
1408478574 22.882280 1
1408479004 23.055529 1
1408479674 22.860152 1
1408480168 23.050279 1
1408480598 23.099422 1
1408481078 22.865365 1
1408481532 23.251489 1
1408482011 23.262562 1
1408482609 63.829004 1
1408483212 23.285876 1
1408483810 23.050244 1
1408484415 23.051078 1
1408485008 23.044772 1
1408485613 23.458947 1
1408486201 22.875917 1
1408486806 22.664212 1
1408487963 23.233509 1
1408488369 23.294244 1
1408488801 23.452893 1
1408489233 23.087375 1
1408489863 23.262793 1
1408490411 23.064043 1
1408491012 23.039298 1
1408491612 23.258153 1
1408492212 22.990790 1
1408494010 23.929052 1
1408494608 23.064575 1
1408495205 25.669167 1
1408495807 207.881787 0
1408496443 204.920204 0
1408497024 25.012072 1
1408497603 24.042002 1
1408498205 25.476113 1
1408498812 205.224519 0
1408499430 24.462533 1
1408500010 25.432517 1
1408500610 24.086137 1
1408546369 23.298553 1
1408546804 23.011803 1
1408547992 23.062691 1
1408548599 23.065574 1
1408549003 23.268769 1
1408549390 23.000207 1
1408549829 23.249359 1
1408550412 23.090051 1
1408551626 23.265375 1
1408552101 23.073242 1
1408552556 23.265921 1
1408553001 23.083132 1
1408553410 23.067071 1
1408554015 23.062115 1
1408555009 22.870631 1
1408555681 22.885133 1
1408556145 23.467304 1
1408556833 22.864258 1
1408557532 22.863147 1
1408558202 22.867326 1
1408559121 23.275438 1
1408559803 23.300901 1
1408560482 22.894014 1
1408561135 23.073572 1
1408562821 23.074828 1
1408563574 23.184180 1
1408564516 23.290331 1
1408565246 22.846985 1
1408565980 22.863390 1
1408566687 23.064686 1
1408627803 23.502537 1
1408628406 23.285717 1
1408629007 23.053645 1
1408629604 23.454783 1
1408630827 23.058817 1
1408631282 23.280590 1
1408631699 23.103814 1
1408632114 23.055658 1
1408632615 23.473329 1
1408634387 23.260890 1
1408634802 23.290438 1
1408635222 23.295248 1
1408635770 23.059298 1
1408636213 22.995106 1
1408636816 23.270064 1
1408637849 23.294449 1
1408638290 64.261826 1
1408638411 23.253778 1
1408638802 22.867618 1
1408639204 23.291396 1
1408639807 22.659229 1
1408640406 23.089898 1
1408640798 130.686185 0
1408640928 0.427594 0
1408640929 120.584845 0
1408641050 130.601094 0
1408641180 0.415613 0
1408641181 120.608183 0
1408641301 130.640048 0
1408641432 0.400418 0
1408641433 120.614868 0
1408641553 130.602726 0
1408641811 0.432846 0
1408641812 120.626600 0
1408641932 130.585910 0
1408642063 0.434745 0
1408642063 120.574449 0
1408642184 130.608958 0
1408642315 0.433052 0
1408642315 120.540043 0
1408653004 23.321908 1
1408653610 23.257319 1
1408654204 22.672000 1
1408654804 23.459261 1
1408655975 23.085263 1
1408656379 23.089342 1
1408656762 23.262567 1
1408657217 23.050169 1
1408657808 23.279018 1
1408658411 23.190459 1
1408659570 23.270200 1
1408659988 23.257437 1
1408660473 23.279033 1
1408660871 22.822904 1
1408661400 23.042371 1
1408662006 23.046439 1
1408662782 23.075735 1
1408663217 205.348128 0
1408663828 23.087191 1
1408664404 204.629445 0
1408706392 31.100781 0
1408706553 23.311623 1
1408707044 22.858667 1
1408711600 23.282448 1
1408712135 23.060332 1
1408712389 23.090328 1
1408713737 23.040646 1
1408714137 23.066809 1
1408714534 22.864883 1
1408714943 22.864111 1
1408715336 23.067022 1
1408715745 23.277023 1
1408716986 22.888243 1
1408717395 23.055684 1
1408717793 23.278386 1
1408718209 23.469844 1
1408718672 23.062873 1
1408719097 23.370102 1
1408721541 0.698978 0
1408721542 0.643553 0
1408721543 0.671256 0
1408721544 0.672880 0
1408721544 0.682534 0
1408721545 0.673751 0
1408721546 0.716694 0
1408721547 0.712942 0
1408721548 0.672310 0
1408721548 0.681691 0
1408721549 0.783364 0
1408721550 0.669805 0
1408721551 0.668536 0
1408721551 0.629867 0
1408721552 0.655644 0
1408721553 0.686140 0
1408721554 0.695140 0
1408721554 0.661608 0
1408721555 0.669110 0
1408721556 0.629364 0
1408721556 0.655494 0
1408721557 0.766203 0
1408721558 0.712450 0
1408721559 0.671792 0
1408721560 0.675322 0
1408721560 0.654705 0
1408721561 0.674335 0
1408721562 0.659844 0
1408721562 0.660086 0
1408721563 0.675073 0
1408721564 0.670055 0
1408721565 0.681656 0
1408721565 0.680203 0
1408721566 0.685441 0
1408721567 0.668269 0
1408721568 0.650737 0
1408721568 0.658474 0
1408721569 0.671385 0
1408721570 0.646537 0
1408721571 0.670827 0
1408721571 0.700538 0
1408721572 0.676223 0
1408721573 0.606047 0
1408721574 0.676330 0
1408721574 0.655672 0
1408721575 0.619261 0
1408721576 0.674725 0
1408721577 0.654430 0
1408721577 0.647161 0
1408721578 0.714815 0
1408721579 0.664944 0
1408721580 0.643511 0
1408721580 0.661114 0
1408721581 0.677173 0
1408721582 0.656307 0
1408721582 0.641214 0
1408721583 0.659980 0
1408721584 0.679335 0
1408721585 0.663419 0
1408721585 0.644397 0
1408721596 0.653338 0
1408721597 0.664898 0
1408721598 0.665382 0
1408721598 0.662148 0
1408721599 0.616822 0
1408721600 0.686901 0
1408721601 0.681281 0
1408721601 0.679140 0
1408721602 0.716714 0
1408721603 0.656471 0
1408721603 0.632251 0
1408721604 0.663027 0
1408721605 0.647685 0
1408721606 0.653397 0
1408721606 0.678582 0
1408721607 0.689338 0
1408721608 0.649259 0
1408721609 0.634822 0
1408721609 0.667105 0
1408721610 0.634487 0
1408721611 0.650823 0
1408721611 0.693012 0
1408721612 0.710390 0
1408721613 0.716208 0
1408721614 0.654989 0
1408721615 0.690815 0
1408721615 0.652569 0
1408721616 0.693819 0
1408721617 0.671390 0
1408721618 0.676218 0
1408721618 0.724487 0
1408721619 0.640079 0
1408721620 0.719360 0
1408721621 0.663348 0
1408721621 0.686792 0
1408721622 0.661235 0
1408721623 0.656918 0
1408721623 0.678599 0
1408721624 0.687089 0
1408721625 0.668604 0
1408721626 0.666756 0
1408721626 0.625890 0
1408721627 0.671957 0
1408721628 0.666813 0
1408721629 0.723020 0
1408721629 0.651988 0
1408721630 0.662337 0
1408721631 0.638388 0
1408721632 0.634277 0
1408721632 0.693739 0
1408721633 0.665667 0
1408721634 0.655320 0
1408721634 0.702025 0
1408721635 0.648719 0
1408721636 0.662359 0
1408721637 0.633829 0
1408721637 0.729308 0
1408721638 0.687644 0
1408721639 0.685949 0
1408721640 0.665223 0
1408721651 0.776034 0
1408721651 0.780072 0
1408721652 0.677101 0
1408721653 0.660746 0
1408721654 0.736540 0
1408721655 0.670020 0
1408721655 0.688250 0
1408721656 0.658330 0
1408721657 0.657901 0
1408721658 0.690578 0
1408721658 0.671237 0
1408721659 0.661454 0
1408721660 0.719685 0
1408721661 0.671151 0
1408721661 0.627005 0
1408721662 0.645057 0
1408721663 0.653722 0
1408721663 0.652842 0
1408721664 0.629049 0
1408721665 0.687881 0
1408721666 0.599925 0
1408721666 0.622517 0
1408721667 0.658004 0
1408721668 0.635270 0
1408721668 0.663389 0
1408721669 0.647223 0
1408721670 0.652314 0
1408721671 0.694238 0
1408721671 0.648491 0
1408721672 0.684281 0
1408721673 0.685363 0
1408721674 0.647386 0
1408721674 0.718082 0
1408721675 0.631486 0
1408721676 0.649219 0
1408721676 0.653620 0
1408721677 0.639292 0
1408721678 0.653307 0
1408721679 0.737496 0
1408721679 0.786940 0
1408721680 0.673121 0
1408721681 0.649507 0
1408721682 0.655223 0
1408721682 0.712934 0
1408721683 0.720893 0
1408721684 0.665851 0
1408721685 0.659650 0
1408721685 0.691549 0
1408721686 0.672279 0
1408721687 0.682222 0
1408721688 0.699136 0
1408721689 0.718524 0
1408721689 0.680073 0
1408721690 0.717336 0
1408721691 0.687310 0
1408721692 0.685742 0
1408721692 0.647442 0
1408721693 0.695143 0
1408721694 0.676787 0
1408721695 0.706152 0
1408721706 0.692670 0
1408721707 0.656828 0
1408721707 0.701092 0
1408721708 0.695655 0
1408721709 0.628472 0
1408721710 0.643800 0
1408721710 0.666067 0
1408721711 0.649733 0
1408721712 0.667216 0
1408721713 0.615877 0
1408721713 0.666738 0
1408721714 0.664379 0
1408721715 0.690896 0
1408721715 0.724338 0
1408721716 0.645493 0
1408721717 0.663295 0
1408721718 0.726697 0
1408721719 0.676120 0
1408721719 0.659143 0
1408721720 0.704275 0
1408721721 0.678635 0
1408721722 0.666015 0
1408721722 0.665993 0
1408721723 0.699943 0
1408721724 0.761412 0
1408721725 0.654051 0
1408721725 0.684364 0
1408721726 0.736518 0
1408721727 0.743313 0
1408721728 0.680441 0
1408721729 0.675868 0
1408721729 0.641215 0
1408721730 0.684461 0
1408721731 0.654543 0
1408721731 0.711336 0
1408721732 0.670904 0
1408721733 0.645910 0
1408721734 0.668184 0
1408721734 0.710768 0
1408721735 0.598206 0
1408721736 0.710312 0
1408721737 0.658609 0
1408721737 0.663872 0
1408721738 0.647999 0
1408721739 0.631304 0
1408721739 0.689351 0
1408721740 0.681716 0
1408721741 0.706449 0
1408721742 0.652042 0
1408721742 0.675808 0
1408721743 0.662529 0
1408721744 0.670343 0
1408721745 0.698432 0
1408721745 0.659705 0
1408721746 0.655043 0
1408721747 0.630362 0
1408721747 0.647119 0
1408721748 0.654388 0
1408721749 0.701739 0
1408721750 0.655762 0
1408721761 0.672646 0
1408721762 0.630325 0
1408721762 0.671857 0
1408721763 0.686106 0
1408721764 0.663526 0
1408721764 0.711640 0
1408721765 0.634890 0
1408721766 0.729286 0
1408721767 0.686225 0
1408721767 0.676553 0
1408721768 0.704676 0
1408721769 0.715177 0
1408721770 0.682849 0
1408721771 0.693286 0
1408721771 0.668064 0
1408721772 0.649329 0
1408721773 0.711432 0
1408721774 0.713931 0
1408721774 0.634955 0
1408721775 0.637584 0
1408721776 0.692290 0
1408721776 0.679831 0
1408721777 0.719826 0
1408721778 0.663434 0
1408721779 0.638820 0
1408721779 0.703401 0
1408721780 0.683509 0
1408721781 0.681508 0
1408721782 0.707634 0
1408721782 0.753229 0
1408721783 0.662813 0
1408721784 0.710985 0
1408721785 0.675016 0
1408721785 0.700391 0
1408721786 0.598049 0
1408721787 0.706922 0
1408721788 0.653053 0
1408721788 0.650001 0
1408721789 0.646064 0
1408721790 0.734810 0
1408721791 0.631206 0
1408721791 0.645237 0
1408721792 0.682168 0
1408721793 0.682799 0
1408721794 0.651744 0
1408721794 0.691774 0
1408721795 0.657946 0
1408721796 0.660693 0
1408721797 0.728844 0
1408721797 0.658085 0
1408721798 0.701071 0
1408721799 0.689125 0
1408721800 0.647535 0
1408721800 0.696449 0
1408721801 0.685420 0
1408721802 0.652815 0
1408721803 0.629908 0
1408721803 0.599103 0
1408721804 0.677644 0
1408721805 0.720554 0
1408721816 0.772556 0
1408721817 0.668805 0
1408721817 0.669882 0
1408721818 0.649247 0
1408721819 0.640765 0
1408721819 0.659408 0
1408721820 0.821530 0
1408721821 0.663781 0
1408721822 0.658410 0
1408721823 0.645684 0
1408721823 0.601217 0
1408721824 0.660495 0
1408721825 0.695441 0
1408721825 0.730855 0
1408721826 0.678403 0
1408721827 0.635188 0
1408721828 0.722976 0
1408721828 0.668339 0
1408721829 0.671290 0
1408721830 0.719326 0
1408721841 0.680394 0
1408721842 0.651360 0
1408721843 0.688607 0
1408721843 0.649417 0
1408721844 0.721077 0
1408721845 0.671389 0
1408721846 0.705640 0
1408721846 0.649204 0
1408721847 0.686178 0
1408721848 0.710712 0
1408721849 0.656125 0
1408721849 0.657746 0
1408721850 0.662994 0
1408721851 0.657596 0
1408721851 0.698658 0
1408721852 0.631208 0
1408721853 0.766863 0
1408721854 0.771589 0
1408721854 0.658139 0
1408721855 0.631921 0
1408721856 0.660119 0
1408721856 0.649659 0
1408721857 0.723861 0
1408721858 47.917282 0
1408721906 0.679340 0
1408721907 0.723053 0
1408721908 0.692757 0
1408721908 0.621004 0
1408721909 0.700205 0
1408721910 0.602310 0
1408721911 0.726404 0
1408721911 0.635720 0
1408721912 0.674843 0
1408721913 0.665211 0
1408721914 0.632589 0
1408721914 0.661962 0
1408721915 0.651052 0
1408721916 0.654600 0
1408721916 0.727691 0
1408721917 0.668042 0
1408721918 0.700699 0
1408721919 0.650146 0
1408721919 0.677149 0
1408721920 0.670099 0
1408721921 0.642710 0
1408721922 0.657988 0
1408721922 0.656292 0
1408721923 0.664039 0
1408721924 0.697151 0
1408721925 0.831467 0
1408721925 0.689071 0
1408721926 0.645383 0
1408721927 0.687079 0
1408721928 0.688697 0
1408721928 0.651159 0
1408721929 0.621139 0
1408721930 0.644453 0
1408721931 0.655246 0
1408721931 0.691369 0
1408721932 0.656559 0
1408721943 0.614161 0
1408721944 0.733325 0
1408721945 0.775448 0
1408721945 0.676121 0
1408721946 0.661396 0
1408721947 0.641161 0
1408721948 0.646874 0
1408721948 0.796671 0
1408721949 0.698912 0
1408721950 0.652472 0
1408721951 0.691838 0
1408721951 0.668236 0
1408721952 0.629115 0
1408721953 0.646307 0
1408721954 0.638269 0
1408721954 0.693186 0
1408721955 0.673089 0
1408721956 0.699848 0
1408721957 0.620026 0
1408721957 0.658199 0
1408721958 0.678221 0
1408721959 0.678750 0
1408721959 0.698081 0
1408721960 0.635409 0
1408721961 0.631153 0
1408721961 0.637003 0
1408721962 0.671118 0
1408721963 0.626983 0
1408721964 0.815662 0
1408721965 0.682568 0
1408721965 0.636418 0
1408721966 0.653098 0
1408721967 0.664584 0
1408721967 0.695336 0
1408721968 0.621263 0
1408721969 0.665196 0
1408721970 0.699635 0
1408721970 0.633584 0
1408721971 0.650446 0
1408721972 0.645154 0
1408721972 0.664560 0
1408721973 0.613718 0
1408721974 0.676214 0
1408721975 0.679335 0
1408721975 0.733296 0
1408721976 0.679550 0
1408721977 0.677593 0
1408721978 0.647970 0
1408721978 0.720351 0
1408721979 0.664575 0
1408721980 0.652055 0
1408721981 0.623832 0
1408721981 0.652643 0
1408721982 0.689152 0
1408721983 0.679330 0
1408721983 0.711843 0
1408721984 0.701350 0
1408721985 0.674671 0
1408721986 0.666721 0
1408721987 0.668397 0
1408721998 0.665381 0
1408721998 0.661114 0
1408721999 0.639760 0
1408722000 0.671456 0
1408722000 0.657104 0
1408722001 0.670939 0
1408722002 0.662576 0
1408722003 0.657125 0
1408722003 0.683693 0
1408722004 0.635133 0
1408722005 0.648294 0
1408722006 0.615130 0
1408722006 0.701020 0
1408722007 0.681760 0
1408722008 0.653006 0
1408722008 0.651275 0
1408722009 0.685773 0
1408722010 0.659372 0
1408722011 0.667368 0
1408722012 0.685259 0
1408722012 0.659285 0
1408722013 0.620692 0
1408722014 0.698316 0
1408722014 0.674316 0
1408722015 0.721159 0
1408722016 0.699623 0
1408722017 0.649864 0
1408722017 0.656570 0
1408722018 0.695001 0
1408722019 0.672073 0
1408722020 0.660615 0
1408722020 0.653352 0
1408722021 0.621509 0
1408722022 0.647625 0
1408722023 0.665882 0
1408722023 0.689714 0
1408722024 0.710155 0
1408722025 0.675053 0
1408722025 0.704438 0
1408722026 0.664221 0
1408722027 0.675941 0
1408722028 0.659566 0
1408722028 0.682108 0
1408722029 0.661296 0
1408722030 0.635957 0
1408722031 0.672234 0
1408722031 0.711631 0
1408722032 0.644604 0
1408722033 0.773873 0
1408722034 0.634158 0
1408722034 0.674736 0
1408722035 0.698264 0
1408722036 0.623283 0
1408722037 0.689680 0
1408722037 0.669859 0
1408722038 0.657528 0
1408722039 0.687181 0
1408722040 0.596905 0
1408722040 0.630838 0
1408722041 0.662827 0
1408722052 0.668619 0
1408722053 0.656076 0
1408722054 0.578961 0
1408722054 0.670818 0
1408722055 0.680847 0
1408722056 0.722203 0
1408722056 0.640031 0
1408722057 0.631137 0
1408722058 0.755848 0
1408722059 0.626812 0
1408722059 0.662927 0
1408722060 0.658311 0
1408722061 0.641696 0
1408722061 0.585584 0
1408722062 0.638597 0
1408722063 0.680579 0
1408722063 0.691807 0
1408722064 0.689892 0
1408722065 0.682193 0
1408722066 0.633397 0
1408722066 0.702004 0
1408722067 0.651909 0
1408722068 0.717748 0
1408722069 0.711081 0
1408722070 0.628649 0
1408722070 0.753372 0
1408722071 0.644750 0
1408722072 0.700232 0
1408722073 0.649899 0
1408722073 0.688733 0
1408722074 0.680719 0
1408722075 0.642669 0
1408722075 0.684274 0
1408722076 0.662727 0
1408722077 0.700660 0
1408722078 0.765683 0
1408722079 0.640499 0
1408722079 0.666685 0
1408722080 0.646123 0
1408722081 0.670876 0
1408722081 0.604894 0
1408722082 0.658783 0
1408722083 0.720734 0
1408722084 0.682431 0
1408722084 0.676414 0
1408722085 0.672002 0
1408722086 0.671813 0
1408722086 0.676228 0
1408722087 0.644865 0
1408722088 0.655065 0
1408722089 0.635681 0
1408722089 0.671279 0
1408722090 0.720555 0
1408722091 0.719723 0
1408722092 0.675240 0
1408722092 0.678430 0
1408722093 0.693688 0
1408722094 0.658336 0
1408722095 0.707158 0
1408722095 0.718489 0
1408723263 209.067881 0
1408725114 23.336230 1
1408725881 23.265786 1
1408726291 23.255474 1
1408726710 23.271875 1
1408727124 23.452029 1
1408727544 23.462452 1
1408730519 23.448502 1
1408730999 23.054975 1
1408731444 23.103479 1
1408731852 22.842396 1
1408732259 22.883115 1
1408732675 23.158876 1
1408733462 790.457170 0
1408734253 309.943694 0
1408738826 23.677118 1
1408739415 22.839778 1
1408740011 23.431249 1
1408740608 23.481561 1
1408741216 23.292854 1
1408746006 23.268737 1
1408746612 23.472974 1
1408747208 23.275234 1
1408751165 23.472101 1
1408808190 207.041457 0
1408893389 176.530135 0
1408907167 207.995160 0
1408962623 207.619234 0
1408963238 189.864588 0
1408965608 25.714932 1
1408966209 25.054881 1
1408966817 23.462944 1
1408967411 25.678104 1
1408968016 23.856169 1
1408969198 24.267494 1
1408969901 23.882912 1
1408970740 229.528057 0
1408971618 25.463378 1
1408972020 154.977733 0
1408972549 24.044481 1
1408973706 23.285519 1
1408974110 24.481452 1
1408974541 138.418888 0
1408975075 23.860461 1
1408975552 23.688980 1
1408975972 23.644162 1
1408976824 23.740305 1
1408977247 24.649247 1
1408990201 23.962674 1
1408990805 23.254956 1
1408991406 23.777281 1
1408992004 23.252521 1
1408992610 23.467480 1
1408993166 23.274346 1
1409054403 792.940234 0
1409055196 789.961266 0
1409055986 790.035814 0
1409056776 790.157339 0
1409057566 789.743521 0
1409058356 789.948500 0
1409059146 790.046794 0
1409059936 789.842903 0
1409060726 790.062764 0
1409061516 789.935793 0
1409062306 789.862602 0
1409063096 790.138455 0
1409063886 789.843213 0
1409064676 789.949023 0
1409065466 300.967216 0
1409065767 0.420375 0
1409066374 32.034865 0
1409066454 205.835576 0
1409067086 23.219974 1
1409080401 23.660752 1
1409099990 23.440086 1
1409102406 23.578657 1
1409102877 23.485943 1
1409123392 23.050577 1
1409124461 23.439967 1
1409151006 793.379118 0
1409151800 790.290755 0
1409153403 23.887291 1
1409154006 23.292428 1
1409154605 23.281621 1
1409155205 23.476538 1
1409156366 23.266975 1
1409156811 23.264142 1
1409157256 23.675622 1
1409157662 23.860491 1
1409158214 23.452066 1
1409160107 23.466908 1
1409161310 23.474544 1
1409161799 23.374300 1
1409162304 23.235404 1
1409162698 23.054945 1
1409163136 23.228388 1
1409163974 23.247542 1
1409177401 23.468065 1
1409178006 23.426991 1
1409178607 23.001925 1
1409179209 23.616561 1
1409179811 23.608947 1
1409180533 23.598031 1
1409181730 23.421515 1
1409182132 23.407355 1
1409185464 23.591585 1
1409185943 23.231469 1
1409186379 23.603005 1
1409186776 23.607889 1
1409187928 23.405946 1
1409188357 23.209873 1
1409189522 23.408798 1
1409246024 23.873343 1
1409257022 23.269838 1
1409266900 23.073312 1
1409324833 24.272331 1
1409330175 23.467016 1
1409334498 23.822714 1
1409344208 23.268475 1
1409387401 23.793225 1
1409388002 23.477947 1
1409388602 23.241494 1
1409389255 23.354052 1
1409390838 23.267678 1
1409391307 23.866104 1
1409391730 23.652553 1
1409392207 23.443188 1
1409392808 23.460461 1
1409393956 23.455308 1
1409394400 23.263405 1
1409394839 23.482190 1
1409395273 23.081533 1
1409395944 23.059794 1
1409397417 23.057908 1
1409397896 22.877153 1
1409398745 23.011084 1
1409399295 23.047385 1
1409399792 764.346522 0
1409400556 764.604508 0
1409401321 764.490106 0
1409402085 764.558586 0
1409403604 23.293180 1
1409417404 23.637544 1
1409418007 23.258587 1
1409419136 23.265094 1
1409419688 23.456010 1
1409421008 23.470448 1
1409421652 23.071143 1
1409422838 23.225506 1
1409423310 23.677674 1
1409423787 23.634312 1
1409424766 23.671417 1
1409440279 164.099757 0
1409440443 164.202949 0
1409440607 164.344878 0
1409440772 164.354793 0
1409440936 100.549677 0
1409445390 23.552345 1
1409480404 23.734655 1
1409481008 23.085539 1
1409481611 23.283728 1
1409494565 23.263572 1
1409494989 23.450858 1
1409496123 23.469616 1
1409497329 23.478479 1
1409498484 23.271856 1
1409498871 23.475232 1
1409499385 23.225960 1
1409500489 23.293337 1
1409501676 23.265823 1
1409502134 23.259544 1
1409503329 23.274625 1
1409519982 23.255721 1
1409563805 23.727648 1
1409564413 23.460701 1
1409565010 23.054470 1
1409565607 23.480078 1
1409567150 23.268346 1
1409567616 23.672361 1
1409568128 23.673547 1
1409569395 23.840167 1
1409569791 23.041624 1
1409570197 24.070270 1
1409571322 23.465799 1
1409571739 23.673578 1
1409572193 23.656527 1
1409572667 23.494901 1
1409573081 23.461900 1
1409573469 23.295484 1
1409575808 23.325226 1
1409577006 23.431835 1
1409579409 23.478468 1
1409580010 23.458074 1
1409581183 23.477265 1
1409581597 23.290482 1
1409582057 23.665405 1
1409582476 23.074921 1
1409583005 23.472133 1
1409583608 23.686934 1
1409584735 23.130744 1
1409585198 23.269077 1
1409585695 23.666572 1
1409586100 22.876930 1
1409586611 23.276719 1
1409587214 22.870318 1
1409588256 314.881866 0
1409588571 0.344842 0
1409588572 7.363339 0
1409590935 23.714397 1
1409595768 23.480374 1
1409599684 23.512879 1
1409602445 23.478434 1
1409604256 23.465675 1
1409648409 23.536456 1
1409649762 23.464822 1
1409650173 23.263969 1
1409650615 23.460403 1
1409651040 23.256668 1
1409651450 23.270600 1
1409652006 23.266565 1
1409653151 23.263626 1
1409653589 23.219110 1
1409654041 23.044683 1
1409654532 23.042865 1
1409655045 23.459309 1
1409655626 23.223263 1
1409657721 0.672282 0
1409657721 0.659436 0
1409657722 0.670081 0
1409657723 0.585354 0
1409657724 0.664337 0
1409657724 0.662744 0
1409657725 0.673464 0
1409657726 0.658360 0
1409657727 0.658314 0
1409657727 0.683889 0
1409657728 0.673984 0
1409657729 0.642322 0
1409657729 0.645196 0
1409657730 0.663168 0
1409657731 0.653712 0
1409657732 0.634245 0
1409657732 0.583463 0
1409657733 0.636994 0
1409657734 0.671648 0
1409657734 0.599610 0
1409657735 0.644852 0
1409657736 0.768129 0
1409657737 0.691215 0
1409657737 0.694993 0
1409657738 0.659189 0
1409657739 0.675146 0
1409657740 0.661146 0
1409657740 0.664424 0
1409657741 0.644047 0
1409657742 0.695696 0
1409657743 0.650426 0
1409657743 0.690509 0
1409657744 0.670062 0
1409657745 0.649243 0
1409657745 0.669340 0
1409657746 0.668597 0
1409657747 0.714436 0
1409657748 0.744284 0
1409657749 0.781349 0
1409657749 0.658990 0
1409657750 0.694136 0
1409657751 0.644357 0
1409657752 0.720619 0
1409657752 0.603250 0
1409657753 0.638028 0
1409657754 0.659220 0
1409657754 0.655756 0
1409657755 0.682858 0
1409657756 0.650546 0
1409657757 0.684101 0
1409657757 0.709105 0
1409657758 0.684479 0
1409657759 0.666831 0
1409657760 0.657129 0
1409657760 0.677729 0
1409657761 0.657454 0
1409657762 0.656134 0
1409657763 0.662794 0
1409657763 0.665397 0
1409657764 0.637085 0
1409657775 0.720544 0
1409657776 0.664930 0
1409657777 0.671541 0
1409657777 0.653011 0
1409657778 0.672400 0
1409657779 0.643740 0
1409657780 0.673162 0
1409657780 0.662720 0
1409657781 0.658595 0
1409657782 0.770446 0
1409657783 0.778431 0
1409657783 0.677210 0
1409657784 0.705826 0
1409657785 0.659496 0
1409657786 0.650296 0
1409657786 0.684492 0
1409657787 0.663485 0
1409657788 0.586762 0
1409657789 0.662760 0
1409657789 0.662364 0
1409657790 0.655708 0
1409657791 0.653819 0
1409657792 0.692742 0
1409657792 0.659352 0
1409657793 0.666443 0
1409657794 0.717191 0
1409657795 0.671233 0
1409657795 0.652444 0
1409657796 0.668090 0
1409657797 0.688726 0
1409657797 0.654920 0
1409657798 0.669680 0
1409657799 0.668453 0
1409657800 0.642620 0
1409657800 0.654967 0
1409657801 0.705605 0
1409657802 0.643429 0
1409657803 0.668158 0
1409657803 0.685882 0
1409657804 0.715294 0
1409657805 0.646486 0
1409657806 0.671136 0
1409657806 0.647030 0
1409657807 0.678342 0
1409657808 0.636820 0
1409657809 0.645868 0
1409657809 0.642025 0
1409657810 0.666876 0
1409657811 0.660503 0
1409657811 0.782075 0
1409657812 0.694122 0
1409657813 0.634088 0
1409657814 0.649278 0
1409657814 0.695313 0
1409657815 0.673652 0
1409657816 0.652073 0
1409657817 0.666847 0
1409657817 0.664150 0
1409657818 0.624743 0
1409657819 0.655522 0
1409657830 0.665930 0
1409657831 0.708070 0
1409657832 0.663038 0
1409657832 0.662280 0
1409657833 0.647028 0
1409657834 0.663583 0
1409657835 0.670832 0
1409657835 0.667348 0
1409657836 0.642056 0
1409657837 0.663214 0
1409657837 0.721245 0
1409657838 0.669187 0
1409657839 0.664818 0
1409657840 0.694697 0
1409657840 0.671784 0
1409657841 0.657306 0
1409657842 0.681022 0
1409657843 0.697729 0
1409657843 0.699433 0
1409657844 0.679008 0
1409657845 0.642195 0
1409657846 0.672208 0
1409657846 0.645147 0
1409657847 0.654696 0
1409657848 0.705921 0
1409657849 0.689517 0
1409657849 0.690964 0
1409657850 0.654109 0
1409657851 0.725772 0
1409657852 0.676248 0
1409657852 0.660037 0
1409657853 0.655771 0
1409657854 0.751988 0
1409657855 0.662742 0
1409657856 0.665247 0
1409657856 0.671554 0
1409657857 0.665636 0
1409657858 0.666608 0
1409657858 0.671511 0
1409657859 0.675669 0
1409657860 0.645208 0
1409657861 0.670624 0
1409657861 0.660861 0
1409657862 0.679728 0
1409657863 0.660028 0
1409657863 0.782445 0
1409657864 0.685100 0
1409657865 0.658975 0
1409657866 0.652433 0
1409657867 0.650663 0
1409657867 0.699446 0
1409657868 0.663482 0
1409657869 0.666837 0
1409657869 0.654431 0
1409657870 0.670978 0
1409657871 0.673819 0
1409657872 0.682011 0
1409657872 0.670244 0
1409657873 0.703834 0
1409657874 0.673749 0
1409658015 0.672011 0
1409658016 0.656894 0
1409658017 0.712905 0
1409658018 0.652307 0
1409658018 0.684607 0
1409658019 0.651111 0
1409658020 0.626907 0
1409658020 0.667189 0
1409658021 0.689163 0
1409658022 0.719560 0
1409658023 0.666033 0
1409658023 0.691657 0
1409658024 0.688000 0
1409658025 0.689486 0
1409658026 0.688622 0
1409658026 0.668418 0
1409658027 0.664674 0
1409658028 0.675475 0
1409658029 0.701864 0
1409658030 0.648949 0
1409658030 0.678307 0
1409658031 0.673691 0
1409658032 0.649641 0
1409658032 0.681287 0
1409658033 0.684660 0
1409658034 0.696402 0
1409658035 0.666589 0
1409658035 0.669576 0
1409658036 0.709368 0
1409658037 0.697869 0
1409658038 0.755950 0
1409658039 0.690073 0
1409658039 0.664848 0
1409658040 0.665135 0
1409658041 0.654608 0
1409658042 0.646268 0
1409658042 0.700080 0
1409658043 0.630715 0
1409658044 0.697832 0
1409658044 0.649344 0
1409658045 0.678497 0
1409658046 0.621855 0
1409658047 0.667844 0
1409658047 0.616160 0
1409658048 0.700560 0
1409658049 0.704619 0
1409658050 0.652662 0
1409658050 0.711541 0
1409658051 0.649738 0
1409658052 0.677996 0
1409658053 0.675499 0
1409658053 0.711656 0
1409658054 0.725127 0
1409658055 0.634893 0
1409658056 0.647262 0
1409658056 0.657926 0
1409658057 0.656385 0
1409658058 0.692548 0
1409658059 0.702275 0
1409658059 0.715092 0
1409658611 0.668656 0
1409658612 0.667771 0
1409658613 0.635735 0
1409658613 0.590434 0
1409658614 0.673291 0
1409658615 0.689802 0
1409658615 0.650958 0
1409658616 0.709369 0
1409658617 0.666527 0
1409658618 0.681944 0
1409658618 0.691569 0
1409658619 0.669482 0
1409658620 0.693187 0
1409658621 0.726366 0
1409658621 0.702592 0
1409658622 0.673511 0
1409658623 0.760134 0
1409658624 0.695349 0
1409658624 0.654471 0
1409658625 0.670338 0
1409658626 0.673811 0
1409658627 0.685052 0
1409658627 0.662761 0
1409658628 0.674329 0
1409658629 0.676086 0
1409658630 0.684285 0
1409658630 0.757940 0
1409658631 0.659803 0
1409658632 0.711607 0
1409658633 0.676289 0
1409658633 0.659660 0
1409658634 0.674711 0
1409658635 0.660989 0
1409658635 0.691708 0
1409658636 0.688666 0
1409658637 0.710053 0
1409658638 0.663949 0
1409658639 0.689717 0
1409658639 0.705579 0
1409658640 0.680395 0
1409658641 0.653593 0
1409658642 0.666519 0
1409658642 0.657901 0
1409658643 0.615282 0
1409658644 0.646456 0
1409658644 0.716122 0
1409658645 0.649804 0
1409658646 0.680365 0
1409658647 0.687354 0
1409658647 0.654651 0
1409658648 0.699018 0
1409658649 0.666629 0
1409658650 0.783804 0
1409658651 0.712741 0
1409658651 0.677183 0
1409658652 0.713042 0
1409658653 0.680553 0
1409658654 0.692102 0
1409658655 0.680193 0
1409658655 0.650843 0
1409659217 0.676358 0
1409659218 0.694127 0
1409659218 0.649982 0
1409659219 0.695226 0
1409659220 0.649645 0
1409659221 0.718699 0
1409659221 0.665000 0
1409659222 0.661079 0
1409659223 0.669695 0
1409659224 0.663587 0
1409659224 0.710525 0
1409659225 0.666303 0
1409659226 0.685798 0
1409659227 0.677238 0
1409659227 0.715607 0
1409659228 0.648658 0
1409659229 0.669723 0
1409659230 0.705457 0
1409659230 0.653109 0
1409659231 0.684812 0
1409659803 0.664888 0
1409659804 0.633983 0
1409659804 0.711861 0
1409659805 0.673310 0
1409659806 0.663872 0
1409659807 0.668918 0
1409659807 0.668360 0
1409659808 0.697812 0
1409659809 0.657703 0
1409659810 0.657762 0
1409659810 0.669828 0
1409659811 0.662422 0
1409659812 0.691641 0
1409659813 0.678756 0
1409659813 0.675600 0
1409659814 0.705439 0
1409659815 0.677098 0
1409659816 0.713306 0
1409659816 0.663132 0
1409659817 0.688550 0
1409659818 0.653714 0
1409659819 0.673161 0
1409659819 0.671465 0
1409659820 0.701502 0
1409659821 0.689753 0
1409659822 0.664416 0
1409659822 0.710125 0
1409659823 0.673526 0
1409659824 0.646903 0
1409659825 0.641000 0
1409659825 0.697199 0
1409659826 0.636798 0
1409659827 0.695610 0
1409659828 0.745505 0
1409659828 0.658908 0
1409659829 0.684322 0
1409659830 0.703998 0
1409659831 0.671960 0
1409659831 0.669482 0
1409659832 0.716633 0
1409659833 0.653623 0
1409659834 0.658591 0
1409659834 0.636293 0
1409659835 0.631948 0
1409659836 0.659440 0
1409659836 0.619855 0
1409659837 0.644388 0
1409659838 0.652235 0
1409659839 0.666797 0
1409659839 0.658941 0
1409659840 0.786697 0
1409659841 0.669413 0
1409659842 0.644135 0
1409659842 0.668525 0
1409659843 0.688392 0
1409659844 0.672049 0
1409659844 0.667818 0
1409659845 0.712357 0
1409659846 0.668533 0
1409659847 0.634581 0
1409660408 0.667936 0
1409660409 0.612569 0
1409660410 0.705750 0
1409660411 0.780827 0
1409660411 0.640035 0
1409660412 0.716328 0
1409660413 0.671392 0
1409660414 0.665669 0
1409660414 0.688194 0
1409660415 0.641865 0
1409660416 0.653646 0
1409660417 0.717186 0
1409660417 0.652745 0
1409660418 0.708893 0
1409660419 0.668117 0
1409660419 0.672033 0
1409660420 0.726386 0
1409660421 0.641377 0
1409660422 0.698393 0
1409660423 0.669014 0
1409660423 0.715121 0
1409660424 0.637107 0
1409660425 0.805524 0
1409660426 0.661477 0
1409660426 0.640324 0
1409660427 0.658251 0
1409660428 0.671997 0
1409660429 0.635985 0
1409660429 0.647745 0
1409660430 0.684965 0
1409660431 0.714324 0
1409660431 0.675026 0
1409660432 0.658802 0
1409660433 0.655861 0
1409660434 0.658420 0
1409660434 0.675701 0
1409660435 0.699470 0
1409660436 0.648125 0
1409660437 0.711414 0
1409660437 0.646253 0
1409660438 0.670856 0
1409660439 0.754830 0
1409660440 0.649694 0
1409660440 0.759013 0
1409660441 0.720686 0
1409660442 0.697662 0
1409660443 0.677130 0
1409660444 0.661696 0
1409660444 0.653740 0
1409660445 0.711288 0
1409660446 0.697020 0
1409660447 0.700437 0
1409660448 0.662570 0
1409660448 0.645460 0
1409660449 0.677261 0
1409660450 0.689160 0
1409660451 0.663810 0
1409660451 0.642274 0
1409660452 0.663346 0
1409660453 0.652590 0
1409661004 0.671464 0
1409661005 0.763785 0
1409661006 0.669961 0
1409661007 0.644290 0
1409661007 0.679155 0
1409661008 0.660180 0
1409661009 0.695125 0
1409661010 0.658089 0
1409661010 0.666726 0
1409661011 0.642293 0
1409661012 0.634907 0
1409661012 0.698867 0
1409661013 0.645824 0
1409661014 0.638693 0
1409661015 0.693747 0
1409661015 0.670370 0
1409661016 0.668528 0
1409661017 0.666271 0
1409661017 0.722458 0
1409661018 0.653763 0
1409661019 0.725790 0
1409661020 0.665225 0
1409661021 0.698267 0
1409661021 0.658876 0
1409661022 0.696296 0
1409661023 0.689091 0
1409661024 0.670462 0
1409661024 0.674309 0
1409661025 0.712619 0
1409661026 0.667615 0
1409661027 0.698956 0
1409661027 0.628655 0
1409661028 0.691524 0
1409661029 0.646987 0
1409661030 0.716612 0
1409661030 0.642089 0
1409661031 0.632009 0
1409661032 0.653085 0
1409661033 0.676137 0
1409661033 0.687875 0
1409661034 0.665111 0
1409661035 0.679907 0
1409661036 0.680691 0
1409661036 0.600061 0
1409661037 0.642698 0
1409661038 0.700055 0
1409661038 0.618460 0
1409661039 0.662999 0
1409661040 0.729257 0
1409661041 0.680534 0
1409661041 0.663927 0
1409661042 0.653242 0
1409661043 0.651903 0
1409661044 0.698228 0
1409661044 0.666704 0
1409661045 0.705168 0
1409661046 0.701028 0
1409661047 0.771753 0
1409661047 0.653204 0
1409661048 0.638085 0
1409661610 0.656513 0
1409661611 0.707098 0
1409661611 0.662633 0
1409661612 0.689219 0
1409661613 0.792717 0
1409661614 0.660389 0
1409661614 0.799623 0
1409661615 0.643082 0
1409661616 0.646425 0
1409661617 0.667402 0
1409661617 0.722505 0
1409661618 0.679684 0
1409661619 0.637455 0
1409661620 0.666440 0
1409661620 0.714417 0
1409661621 0.651426 0
1409661622 0.681417 0
1409661623 0.639469 0
1409661623 0.697539 0
1409661624 0.662976 0
1409661625 0.671917 0
1409661626 0.638011 0
1409661626 0.712150 0
1409661627 0.652673 0
1409661628 0.668636 0
1409661629 0.655198 0
1409661629 0.644054 0
1409661630 0.636973 0
1409661631 0.630620 0
1409661631 0.710430 0
1409661632 0.634855 0
1409661633 0.713736 0
1409661634 0.678708 0
1409661635 0.672602 0
1409661635 0.634014 0
1409661636 0.698521 0
1409661637 0.694273 0
1409661638 0.655107 0
1409661638 0.614434 0
1409661639 0.684663 0
1409661640 0.740635 0
1409661640 0.692148 0
1409661641 0.721953 0
1409661642 0.642186 0
1409661643 0.661479 0
1409661644 0.695049 0
1409661644 0.686561 0
1409661645 0.674952 0
1409661646 0.674086 0
1409661646 0.698282 0
1409661647 0.622293 0
1409661648 0.693015 0
1409661649 0.643911 0
1409661649 0.702930 0
1409661650 0.637876 0
1409661651 0.648358 0
1409661652 0.700307 0
1409661652 0.672797 0
1409661653 0.631795 0
1409661654 0.699991 0
1409662206 0.811410 0
1409662207 0.668229 0
1409662207 0.669000 0
1409662208 0.680994 0
1409662209 0.699473 0
1409662210 0.666201 0
1409662210 0.643890 0
1409662211 0.725204 0
1409662212 0.686748 0
1409662213 0.692996 0
1409662213 0.689194 0
1409662214 0.634121 0
1409662215 0.681286 0
1409662216 0.667321 0
1409662216 0.675322 0
1409662217 0.713621 0
1409662218 0.664331 0
1409662219 0.688376 0
1409662219 0.668729 0
1409662220 0.678898 0
1409662221 0.696081 0
1409662222 0.688881 0
1409662222 0.663144 0
1409662223 0.678488 0
1409662224 0.624787 0
1409662224 0.680972 0
1409662225 0.647667 0
1409662226 0.819815 0
1409662227 0.625929 0
1409662228 0.665335 0
1409662228 0.696479 0
1409662229 0.631974 0
1409662230 0.677255 0
1409662230 0.760117 0
1409662231 0.646486 0
1409662232 0.663652 0
1409662233 0.654532 0
1409662233 0.664329 0
1409662234 0.701769 0
1409662235 0.672859 0
1409662236 0.697424 0
1409662236 0.626831 0
1409662237 0.692994 0
1409662238 0.658066 0
1409662239 0.781525 0
1409662239 0.648880 0
1409662240 0.663429 0
1409662241 0.699901 0
1409662242 0.677624 0
1409662242 0.683232 0
1409662243 0.611630 0
1409662244 0.664330 0
1409662244 0.714776 0
1409662245 0.650619 0
1409662246 0.647753 0
1409662247 0.725415 0
1409662247 0.697662 0
1409662248 0.643473 0
1409662249 0.692380 0
1409662250 0.653657 0
1409662808 95.358218 0
1409662904 42.048710 0
1409664887 23.752767 1
1409665200 23.438862 1
1409665809 23.277696 1
1409666401 23.243519 1
1409667547 23.401287 1
1409667963 23.248704 1
1409668410 23.071083 1
1409668844 23.668870 1
1409669411 24.053709 1
1409670012 23.673648 1
1409671206 25.323860 1
1409671612 23.076023 1
1409672073 23.084630 1
1409672470 22.881113 1
1409673009 23.270527 1
1409673611 23.069599 1
1409674506 790.404886 0
1409675297 789.984465 0
1409676087 789.985910 0
1409676877 492.296837 0
1409678474 150.073282 0
1409678626 8.490942 0
1409679001 23.707602 1
1409679606 23.282421 1
1409680210 23.266791 1
1409680804 23.078816 1
1409681947 23.056192 1
1409682354 23.664713 1
1409682772 23.444516 1
1409683207 23.475605 1
1409690732 23.689573 1
1409691881 23.060672 1
1409692303 23.658753 1
1409692718 23.263317 1
1409693139 23.052882 1
1409693563 22.950693 1
1409694005 23.040165 1
1409694818 23.035401 1
1409695311 23.056834 1
1409695905 23.055389 1
1409696298 23.459257 1
1409696757 23.172610 1
1409697226 23.195932 1
1409698772 23.077812 1
1409699214 23.060154 1
1409734660 23.069943 1
1409735097 23.672512 1
1409735579 29.468162 0
1409736019 23.067676 1
1409736653 48.807261 0
1409737131 23.425866 1
1409737587 24.076505 1
1409738049 22.841820 1
1409738464 23.874840 1
1409739002 23.254718 1
1409740810 23.617303 1
1409741412 23.057695 1
1409742017 23.094846 1
1409743419 23.076332 1
1409743857 23.078682 1
1409744455 23.064959 1
1409745058 23.057737 1
1409745712 23.073517 1
1409746421 23.261971 1
1409747706 23.038477 1
1409748190 23.265060 1
1409748631 23.076570 1
1409749165 23.185163 1
1409749597 23.276917 1
1409750449 22.884961 1
1409751381 23.280721 1
1409752193 23.108293 1
1409752907 23.059531 1
1409753351 23.068573 1
1409753821 23.240086 1
1409754316 22.859666 1
1409754954 23.067902 1
1409755905 23.060493 1
1409756483 23.263515 1
1409757012 23.259485 1
1409757514 23.256929 1
1409757950 23.448589 1
1409758608 22.872676 1
1409759151 23.060330 1
1409759609 23.274102 1
1409760091 23.049191 1
1409760526 204.007923 0
1409760730 204.037949 0
1409760934 209.140897 0
1409761200 22.845691 1
1409762829 22.840716 1
1409763426 23.036890 1
1409764137 23.249171 1
1409765401 23.990620 1
1409766005 23.646819 1
1409766602 23.274607 1
1409767208 23.676699 1
1409767808 23.257758 1
1409768409 23.703578 1
1409777737 23.469420 1
1409778677 22.869383 1
1409781019 22.866847 1
1409782452 24.441283 1
1409782999 23.486243 1
1409783602 24.269717 1
1409784419 23.184355 1
1409785408 23.296265 1
1409786279 23.035128 1
1409787549 204.569889 0
1409788436 23.069024 1
1409789732 23.274298 1
1409791174 23.463708 1
1409792039 23.065695 1
1409792909 23.278866 1
1409794680 789.959787 0
1409795470 457.290968 0
1409795927 789.801799 0
1409796717 789.921763 0
1409797507 789.827428 0
1409798297 789.953593 0
1409799087 789.770656 0
1409799877 790.096204 0
1409800667 789.930426 0
1409801457 789.822439 0
1409802247 789.591839 0
1409803037 789.959165 0
1409803827 790.026952 0
1409804617 789.928570 0
1409805407 790.037385 0
1409806197 789.799188 0
1409806987 790.064659 0
1409807777 789.700157 0
1409808567 790.021332 0
1409809357 789.915427 0
1409810147 789.785492 0
1409810937 789.616415 0
1409811726 790.043104 0
1409812517 790.020829 0
1409813307 790.099686 0
1409814097 789.738907 0
1409814887 789.933272 0
1409815677 790.033568 0
1409816467 789.976888 0
1409817257 789.995625 0
1409818047 789.977470 0
1409818837 789.961750 0
1409819627 549.942552 0
1409821801 23.267271 0
1409822406 23.564811 1
1409823001 23.490988 1
1409823633 23.259672 1
1409824202 23.268385 1
1409824803 23.260781 1
1409826631 23.067393 1
1409827113 22.666112 1
1409827732 23.094157 1
1409828194 23.067152 1
1409828606 22.670086 1
1409829048 23.063102 1
1409830362 23.244550 1
1409830809 23.272477 1
1409831359 23.263673 1
1409831779 23.067222 1
1409832302 23.061002 1
1409832802 23.060166 1
1409833962 23.052284 1
1409834351 22.868927 1
1409834784 23.318047 1
1409835186 23.080584 1
1409835679 23.059401 1
1409836402 23.084444 1
1409836813 23.456531 1
1409837409 23.089460 1
1409838003 23.006615 1
1409838694 22.885305 1
1409839212 23.072614 1
1409839811 23.076449 1
1409840412 22.889340 1
1409841603 23.707049 1
1409842224 23.459664 1
1409842810 23.252746 1
1409844088 23.240869 1
1409844729 23.459535 1
1409845163 23.690907 1
1409845607 23.249664 1
1409846214 23.693114 1
1409846657 23.077792 1
1409847849 23.626958 1
1409848386 23.286079 1
1409848839 23.314120 1
1409849275 23.470060 1
1409849755 23.055578 1
1409850184 23.051908 1
1409852664 789.977662 0
1409853454 790.395984 0
1409854244 790.342130 0
1409855035 790.025681 0
1409855825 790.149546 0
1409856615 789.833078 0
1409857405 789.659135 0
1409858195 789.674323 0
1409858984 789.833402 0
1409859774 789.987654 0
1409860564 790.247073 0
1409861355 789.815097 0
1409862145 790.028425 0
1409862935 790.128594 0
1409863725 790.243805 0
1409864515 789.884660 0
1409865305 789.815311 0
1409866095 790.564734 0
1409868001 23.906044 1
1409868607 205.743834 0
1409869282 24.084762 1
1409930404 23.914277 1
1409931250 23.667646 1
1409931681 23.475154 1
1409932204 23.459866 1
1409932813 23.447302 1
1409934006 23.676907 1
1409934454 23.665207 1
1409934924 23.880968 1
1409935541 23.856036 1
1409935983 23.664182 1
1409936415 23.843578 1
1409937588 23.287738 1
1409938008 23.461072 1
1409938605 23.080214 1
1409939078 23.462832 1
1409939806 23.477337 1
1409940224 23.476888 1
1409942554 789.983801 0
1409943344 789.819588 0
1409944134 789.941516 0
1409944924 790.026591 0
1409945714 789.907568 0
1409946504 789.925247 0
1409947294 789.936758 0
1409948084 790.127765 0
1409948874 790.043143 0
1409949664 790.025127 0
1409952643 23.358594 1
1409953209 23.302809 1
1409953806 23.272450 1
1409954405 23.452016 1
1409955832 23.490569 1
1409956572 23.841880 1
1409958343 23.689539 1
1409959205 23.463639 1
1409959884 23.878416 1
1409960319 23.673368 1
1409961560 23.253421 1
1409962021 23.468325 1
1409962705 23.251968 1
1409963404 23.462955 1
1409964240 23.444379 1
1409964698 23.477534 1
1409965903 23.482214 1
1409966541 23.258584 1
1409966955 23.062683 1
1409967392 23.079839 1
1409968030 23.111120 1
1409968488 23.077633 1
1409969214 23.299012 1
1409969762 22.639739 1
1409970250 23.184259 1
1409970900 22.861043 1
1409971368 70.708727 1
1409971482 23.280397 1
1409971889 23.075738 1
1409972639 23.059940 1
1409973040 23.018087 1
1409973654 22.849750 1
1409974067 23.265383 1
1409974817 23.060485 1
1409975407 23.271066 1
1409976063 22.824836 1
1409976459 23.274321 1
1409976912 23.067267 1
1409977385 23.060326 1
1409977918 23.078837 1
1409978380 23.252564 1
1409979067 23.262942 1
1409996403 153.503930 0
1409997008 23.244529 1
1409997606 23.273503 1
1409998770 23.428274 1
1409999337 23.287778 1
1410000002 23.263623 1
1410000533 23.662749 1
1410001115 23.266737 1
1410001615 23.651494 1
1410002752 23.671520 1
1410003233 70.643418 1
1410003403 23.272775 1
1410004147 23.242363 1
1410004655 23.453646 1
1410005467 23.052266 1
1410005892 23.078773 1
1410015006 24.227137 1
1410016899 23.252151 1
1410018206 23.429254 1
1410019542 23.241281 1
1410020005 23.451054 1
1410020477 23.653812 1
1410020949 23.680062 1
1410021583 23.645105 1
1410022720 23.051485 1
1410023152 23.280100 1
1410023569 23.257751 1
1410024438 23.255389 1
1410024913 23.067368 1
1410025393 23.262859 1
1410026296 789.956179 0
1410027086 541.591093 0
1410030008 23.690422 1
1410034204 23.926100 1
1410034809 23.062561 1
1410035467 23.689752 1
1410036032 23.270359 1
1410036611 23.661759 1
1410037214 23.285258 1
1410038398 23.672737 1
1410040635 23.498199 1
1410041146 23.661195 1
1410042281 3.430791 0
1410042285 21.393100 0
1410048536 23.253376 1
1410049468 23.079170 1
1410050676 23.097388 1
1410051394 23.437323 1
1410052055 22.868017 1
1410052586 204.488476 0
1410113405 23.945135 1
1410114011 23.637267 1
1410114946 23.496963 1
1410116832 23.864267 1
1410117335 23.438636 1
1410118124 23.065224 1
1410119307 23.243783 1
1410165602 23.406987 1
1410166202 23.669316 1
1410166803 23.049953 1
1410167985 23.273230 1
1410168391 23.432778 1
1410168828 23.454411 1
1410169261 24.095751 1
1410169806 23.805379 1
1410170409 23.457687 1
1410171607 23.243070 1
1410172067 23.079516 1
1410172516 23.066125 1
1410173091 23.065111 1
1410173679 23.064360 1
1410174344 23.185546 1
1410194405 23.930817 1
1410248293 23.477259 1
1410292445 23.518142 1
1410299187 23.665383 1
1410529901 24.400875 1
1410556621 23.451570 1
1410565094 23.638234 1
1410577780 23.468779 1
1410625306 23.454876 1
1410651494 23.288055 1
1410671337 23.514766 1
1410709614 23.669414 1
1410733686 22.182591 1
1410761251 23.441742 1
1410764131 23.293348 1
1410890967 26.483743 1
1410911143 163.522590 0
1410913627 23.885490 1
1410914488 23.652734 1
1410975183 24.392523 1
1410976271 23.284794 1
1410979971 23.703142 1
1410988646 23.447329 1
1410990546 23.487133 1
1410998714 23.662274 1
1411004333 23.249182 1
1411013276 23.871256 1
1411014494 23.066442 1
1411078171 23.687713 1
1411081325 23.655851 1
1411082927 23.292691 1
1411084517 23.490286 1
1411136104 23.885213 1
1411229881 24.777393 1
1411315837 23.889535 1
1411333355 23.279037 1
1411374200 23.400475 1
1411381346 3.404411 0
1411381349 23.680618 1
