1404836661 8.815883 1
1404837455 8.631116 1
1404840925 9.728523 1
1404841353 10.738388 1
1404841672 12.330511 1
1404846008 21.907020 1
1404983376 8.660773 1
1404997777 20.442271 1
1405004430 21.474050 1
1405005257 6.744058 1
1405009005 8.477246 1
1405009375 7.141127 0
1405010867 6.589968 0
1405018157 21.971396 1
1405037107 7.560397 1
1405040416 21.455217 1
1405047631 8.483462 1
1405054815 22.460543 1
1405062016 22.473329 1
1405069229 22.474151 1
1405076427 27.456678 1
1405094005 21.478192 1
1405095654 20.975761 1
1405098034 20.974581 1
1405254647 14.953117 1
1405263645 21.481464 1
1405270831 6.928116 1
1405328678 7.148220 1
1405335502 8.730491 1
1405335825 20.510491 1
1405342841 7.167509 1
1405343575 8.754986 1
1405345423 7.221099 1
1405348690 11.423570 1
1405349573 9.217203 1
1405354419 21.373674 1
1405420856 8.889453 1
1405424013 21.960772 1
1405429254 21.953064 1
1405432696 8.765774 1
1405436444 7.197089 1
1405439317 8.660305 1
1405443864 7.195567 1
1405444947 7.082182 0
1405451061 257.971271 0
1405522843 8.218804 1
1405527529 8.595914 1
1405532150 18.956536 1
1405537352 40.041043 1
1405555456 21.979457 1
1405587823 21.460984 1
1405609233 23.458046 1
1405691987 21.465429 1
1405789243 9.595044 0
1405940446 23.937641 1
1405946025 8.532880 1
1405947434 40.451797 0
1405951871 8.919011 1
1406033479 8.697616 1
1407404483 8.591193 1
1407418469 0.925594 0
1407418470 7.635836 1
1407418702 0.965829 0
1407418703 23.968233 0
1407418802 1.837595 0
1407418804 6.765821 0
1407418821 6.645153 0
1407496101 7.352985 1
1407587369 8.445046 1
1407591577 8.751718 1
1407949457 9.194105 1
1408366144 9.885410 1
1408712158 9.561244 1
1408751188 8.786029 1
1408753562 0.600353 0
1408753563 0.591881 0
1408753564 0.619457 0
1408753564 0.602231 0
1408753565 0.576876 0
1408753565 0.669618 0
1408753566 0.647223 0
1408753567 0.680676 0
1408753568 0.652632 0
1408753568 0.478184 0
1408753569 0.638570 0
1408753569 0.645064 0
1408753570 0.657037 0
1408753571 0.659727 0
1408753571 0.676713 0
1408753572 0.664191 0
1408753573 0.674180 0
1408753574 0.665841 0
1408753574 0.659341 0
1408753575 0.653002 0
1408753576 0.669459 0
1408753576 0.670716 0
1408753577 0.442943 0
1408753578 0.632716 0
1408753578 0.661325 0
1408753579 0.650022 0
1408753580 0.672708 0
1408753580 0.637337 0
1408753581 0.635745 0
1408753582 0.677615 0
1408753583 0.637077 0
1408753583 0.448114 0
1408753584 0.639877 0
1408753584 0.680319 0
1408753585 0.669419 0
1408753586 0.653146 0
1408753587 0.683815 0
1408753587 0.654871 0
1408753588 0.662734 0
1408753589 0.433991 0
1408753589 0.655086 0
1408753590 0.669042 0
1408753591 0.451156 0
1408753591 0.493024 0
1408753592 0.656937 0
1408753592 0.682575 0
1408753593 0.669488 0
1408753594 0.680909 0
1408753595 0.708701 0
1408753595 0.679553 0
1408753619 0.583894 0
1408753620 0.614282 0
1408753621 0.595156 0
1408753621 0.608901 0
1408753622 0.606023 0
1408753622 0.639431 0
1408753623 0.660923 0
1408753624 0.664351 0
1408753625 0.655379 0
1408753625 0.668097 0
1408753626 0.656318 0
1408753627 0.679912 0
1408753627 0.627489 0
1408753628 0.659084 0
1408753629 0.659787 0
1408753629 0.655896 0
1408753630 0.671674 0
1408753631 0.677283 0
1408753632 0.675807 0
1408753632 0.690905 0
1408753633 0.691068 0
1408753634 0.671701 0
1408753635 0.681535 0
1408753635 0.664836 0
1408753636 0.680177 0
1408753637 0.629487 0
1408753637 0.667917 0
1408753638 0.660731 0
1408753639 0.655946 0
1408753639 0.671468 0
1408753640 0.656331 0
1408753641 0.652462 0
1408753642 0.677765 0
1408753642 0.662463 0
1408753643 0.665256 0
1408753644 0.676332 0
1408753644 0.654797 0
1408753645 0.651733 0
1408753646 0.657695 0
1408753646 0.644473 0
1408753647 0.676103 0
1408753648 0.665749 0
1408753649 0.679383 0
1408753649 0.641213 0
1408753650 0.652998 0
1408753651 0.659855 0
1408753652 0.642907 0
1408753652 0.644263 0
1408753653 0.709059 0
1408753654 0.663289 0
1408753818 0.634430 0
1408753819 0.655081 0
1408753820 0.664273 0
1408753821 0.626939 0
1408753821 0.637977 0
1408753822 0.753685 0
1408753823 0.718703 0
1408753824 0.740930 0
1408753824 0.730882 0
1408753825 0.753095 0
1408753826 0.714301 0
1408753827 0.569088 0
1408753827 0.718247 0
1408753828 0.718292 0
1408753829 0.713218 0
1408753830 0.725768 0
1408753831 0.767804 0
1408753831 0.740923 0
1408753832 0.730224 0
1408753833 0.730002 0
1408753834 0.729072 0
1408753835 0.706564 0
1408753835 0.708579 0
1408753836 0.537018 0
1408753837 0.742262 0
1408753838 0.736329 0
1408753838 0.721487 0
1408753839 0.701553 0
1408753840 0.706270 0
1408753841 0.662621 0
1408753841 0.730950 0
1408753842 0.727022 0
1408753843 0.691440 0
1408753844 0.715653 0
1408753844 0.706602 0
1408753845 0.752129 0
1408753846 0.704742 0
1408753847 0.723626 0
1408753848 0.757180 0
1408753848 0.701496 0
1408753849 0.739473 0
1408753850 0.727389 0
1408753851 0.748710 0
1408753852 0.701918 0
1408753852 0.747355 0
1408753853 0.741197 0
1408753854 0.691463 0
1408753855 0.733944 0
1408753856 0.703503 0
1408753856 0.752805 0
1408754413 0.630903 0
1408754414 0.624099 0
1408754414 0.644343 0
1408754415 0.615007 0
1408754416 0.651611 0
1408754417 0.728654 0
1408754417 0.744159 0
1408754418 0.696454 0
1408754419 0.696862 0
1408754420 0.679331 0
1408754420 0.742325 0
1408754421 0.735589 0
1408754422 0.519260 0
1408754423 0.750043 0
1408754423 0.730636 0
1408754424 0.685152 0
1408754425 0.665344 0
1408754426 0.684497 0
1408754426 0.565126 0
1408754427 0.704409 0
1408754428 0.722558 0
1408754428 0.737564 0
1408754429 0.738319 0
1408754430 0.723832 0
1408754431 0.681321 0
1408754432 0.716844 0
1408754433 0.715273 0
1408754433 0.655911 0
1408754434 0.723734 0
1408754435 0.741676 0
1408754436 0.589973 0
1408754436 0.658191 0
1408754437 0.736626 0
1408754438 0.707668 0
1408754438 0.704784 0
1408754439 0.759738 0
1408754440 0.707147 0
1408754441 0.731926 0
1408754442 0.739265 0
1408754442 0.740135 0
1408754443 0.681494 0
1408754444 0.791416 0
1408754445 0.694109 0
1408754446 0.674422 0
1408754446 0.737551 0
1408754447 0.699758 0
1408754448 0.743925 0
1408754449 0.693634 0
1408754450 0.499952 0
1408754450 0.709190 0
1408755016 0.627400 0
1408755016 0.611020 0
1408755017 0.631719 0
1408755018 0.656113 0
1408755018 0.643192 0
1408755019 0.532338 0
1408755020 0.716659 0
1408755020 0.756614 0
1408755021 0.714903 0
1408755022 0.711162 0
1408755023 0.746516 0
1408755024 0.722366 0
1408755025 0.713095 0
1408755025 0.684502 0
1408755026 0.728657 0
1408755027 0.753117 0
1408755028 0.732297 0
1408755028 0.723948 0
1408755029 0.707480 0
1408755030 0.709006 0
1408755031 0.696438 0
1408755031 0.688481 0
1408755032 0.732664 0
1408755033 0.722424 0
1408755034 0.721868 0
1408755035 0.708384 0
1408755035 0.734864 0
1408755036 0.680718 0
1408755037 0.767809 0
1408755038 0.754827 0
1408755039 0.706431 0
1408755039 0.716583 0
1408755040 0.663663 0
1408755041 0.713664 0
1408755042 0.716253 0
1408755042 0.705943 0
1408755043 0.733689 0
1408755044 0.737133 0
1408755045 0.711608 0
1408755046 0.744307 0
1408755046 0.711466 0
1408755047 0.720631 0
1408755048 0.643910 0
1408755049 0.697079 0
1408755049 0.695247 0
1408755050 0.726709 0
1408755051 0.764271 0
1408755052 0.667239 0
1408755052 0.709296 0
1408755053 0.748831 0
1408755615 0.726962 0
1408755616 0.478908 0
1408755617 0.705282 0
1408755617 0.713103 0
1408755618 0.713809 0
1408755619 0.723010 0
1408755620 0.740531 0
1408755621 0.656471 0
1408755621 0.716240 0
1408755622 0.680494 0
1408755623 0.730025 0
1408755624 0.719831 0
1408755624 0.754041 0
1408755625 0.725025 0
1408755626 0.732780 0
1408756222 0.665098 0
1408756223 0.619580 0
1408756223 0.700947 0
1408756224 0.672050 0
1408756225 0.671944 0
1408756225 0.736589 0
1408756226 0.710774 0
1408756227 0.696205 0
1408756228 0.704957 0
1408756229 0.687759 0
1408756229 0.742276 0
1408756230 0.728581 0
1408756231 0.663347 0
1408756232 0.669986 0
1408756232 0.733671 0
1408756233 0.738861 0
1408756234 0.723810 0
1408756235 0.740263 0
1408756236 0.665805 0
1408756236 0.696253 0
1408756237 0.704675 0
1408756238 0.709282 0
1408756239 0.684218 0
1408756239 0.714958 0
1408756240 0.725922 0
1408756241 0.731837 0
1408756242 0.760166 0
1408756242 0.717670 0
1408756243 0.717571 0
1408756244 0.716088 0
1408756245 0.763628 0
1408756246 0.676430 0
1408756246 0.689848 0
1408756247 0.730399 0
1408756248 0.703184 0
1408756249 0.695757 0
1408756249 0.679942 0
1408756250 0.689747 0
1408756251 0.751132 0
1408756252 0.737731 0
1408756252 0.728663 0
1408756253 0.695523 0
1408756254 0.734712 0
1408756255 0.629700 0
1408756255 0.732829 0
1408756256 0.714573 0
1408756257 0.730519 0
1408756258 0.737201 0
1408756259 0.686753 0
1408756259 0.708383 0
1408907836 9.191158 1
1408993190 8.555833 1
1409067109 8.673791 1
1409080425 8.448916 1
1409100013 8.843793 1
1409124484 8.801914 1
1409246048 8.346747 1
1409257046 8.661940 1
1409266923 8.871999 1
1409324857 8.983230 1
1409330199 8.539511 1
1409334522 8.556316 1
1409445413 133.302907 0
1409503353 8.896530 1
1409520005 8.665258 1
1409578455 0.668006 0
1409578456 0.429233 0
1409578456 0.676342 0
1409578457 0.662296 0
1409578458 0.657723 0
1409578458 0.750124 0
1409578459 0.759445 0
1409578460 0.765963 0
1409578461 0.734158 0
1409578462 0.762695 0
1409578462 0.763110 0
1409578463 0.762739 0
1409578464 0.740539 0
1409578465 0.717332 0
1409578466 0.752123 0
1409578466 0.722688 0
1409578467 0.695668 0
1409578468 0.763703 0
1409578469 0.775657 0
1409578470 0.748784 0
1409578470 0.749782 0
1409578471 0.704485 0
1409578472 0.720700 0
1409578473 0.692739 0
1409578474 0.733153 0
1409578474 0.579184 0
1409578475 0.734892 0
1409578476 0.751460 0
1409578477 0.736205 0
1409578477 0.754453 0
1409578478 0.729221 0
1409578479 0.675265 0
1409578480 0.709543 0
1409578480 0.728421 0
1409578481 0.718767 0
1409578482 0.717603 0
1409578483 0.760370 0
1409578484 0.704717 0
1409578485 0.746311 0
1409578485 0.743407 0
1409578486 0.706619 0
1409578487 0.716877 0
1409578488 0.750240 0
1409578488 0.722494 0
1409578489 0.727394 0
1409578490 0.791588 0
1409578491 0.545921 0
1409578491 0.724282 0
1409578492 21.037277 0
1409578513 0.763228 0
1409595792 8.906999 1
1409599708 8.316308 1
1409604279 8.712017 1
1410038422 10.243379 1
1410179119 271.919270 0
1410179391 271.221195 0
1410179663 271.237954 0
1410179934 271.256759 0
1410180205 271.247499 0
1410180477 271.338902 0
1410184886 273.120818 0
1410185760 265.592566 0
1410248316 9.030630 1
1410292468 9.198310 1
1410299211 8.751703 1
1410529926 8.553966 1
1410556645 8.775680 1
1410565118 8.392537 1
1410577803 10.537661 1
1410625330 8.816000 1
1410651518 11.110680 1
1410671361 8.965226 1
1410709638 9.244198 1
1410733708 11.009757 1
1410890994 9.300204 1
1410913650 9.188035 1
1410990570 8.467380 1
1410998737 9.263291 1
1411136128 1.734524 0
1411229906 10.509389 1
1411381373 8.684195 1
