1407427955 11.101630 1
1407483798 13.223252 1
1407484400 12.013013 1
1407485591 12.908005 1
1407486192 12.402519 1
1407486941 11.604982 1
1407487390 10.603132 1
1407487987 12.516695 1
1407490549 12.100564 1
1407490970 13.104900 1
1407498188 10.685840 1
1407498789 10.496054 1
1407500500 12.387113 1
1407500977 10.479760 1
1407501412 11.281373 1
1407502470 10.570997 1
1407504064 11.579118 1
1407504455 12.582051 1
1407504890 10.398270 1
1407506030 12.081704 0
1407531200 11.005088 0
1407532876 16.486776 0
1407533264 17.111812 0
1407533649 16.288107 1
1407534790 11.202142 1
1407600801 12.806402 1
1407601403 13.983173 1
1407602002 11.989350 1
1407602591 11.683973 1
1407603203 11.175189 1
1407604877 12.079350 1
1407606357 11.077302 1
1407607024 12.401866 1
1407607488 10.682818 1
1407608112 12.273000 1
1407610489 12.487553 1
1407610943 11.301827 1
1407611364 10.876872 1
1407611807 10.382381 1
1407613166 10.717388 1
1407615656 12.995442 0
1407616499 13.004233 0
1407677603 11.550665 1
1407678212 10.959207 1
1407678798 27.872997 1
1407680474 12.736154 1
1407680942 11.208745 1
1407681409 14.402563 1
1407681948 12.243563 1
1407682403 301.559602 0
1407682705 277.048924 0
1407682982 270.645320 0
1407683252 270.449902 0
1407683523 270.923365 0
1407696726 11.340604 1
1407697173 11.455375 1
1407697556 12.843245 1
1407698267 13.541827 1
1407763618 19.976708 1
1407767097 11.948328 1
1407769153 11.633410 1
1407769901 12.949173 1
1407772680 11.841803 1
1407773441 12.060933 1
1407774156 10.823575 1
1407775147 11.889887 1
1407777097 10.625724 1
1407777502 11.218687 1
1407778092 11.266350 1
1407795009 10.729316 1
1407796773 11.639430 1
1407797187 11.212623 1
1407799116 11.726403 1
1407799909 11.639353 1
1407801841 11.236838 1
1407802263 10.441750 1
1407818407 11.260374 1
1407850930 13.010688 1
1407851685 12.089135 1
1407852407 11.095140 1
1407853188 10.984391 1
1407855165 12.084838 1
1407855637 11.515022 1
1407856479 11.003753 1
1407857323 12.015960 1
1407858205 11.914088 1
1407860574 10.979948 1
1407861319 12.482337 1
1407862161 11.589540 1
1407865724 12.892176 1
1407870889 11.299744 1
1407921801 12.275539 1
1407922400 10.784376 1
1407923004 12.414217 1
1407923599 12.883342 1
1407925470 11.189951 1
1407925876 11.288452 1
1407926280 11.106795 1
1407926697 10.402227 1
1407927196 10.882847 1
1407928992 10.484717 1
1407929399 11.286459 1
1407929791 11.577417 1
1407930190 10.676888 1
1407930793 13.085166 1
1407939909 11.773332 1
1407940453 11.207073 1
1407940932 11.283192 1
1407941389 10.179702 1
1407941847 10.886511 1
1407945187 12.008622 1
1407949993 11.906110 1
1407950781 11.401397 1
1407951207 11.186324 1
1407951790 12.481933 1
1407952394 11.181230 1
1407958613 11.989380 1
1407959005 10.782747 1
1407969656 10.475150 1
1407976749 10.980429 1
1407977786 11.797086 1
1407978650 10.978143 1
1407981508 10.687604 1
1408026266 10.852823 1
1408026798 11.166501 1
1408027397 10.373063 1
1408027995 12.065324 1
1408029811 10.758064 1
1408030236 11.295411 1
1408030712 11.248024 1
1408031268 10.823530 1
1408031920 10.488881 1
1408033599 11.785538 1
1408034044 12.188284 1
1408034750 10.477465 1
1408035768 10.497864 1
1408036659 10.701124 1
1408040435 11.199419 1
1408041759 11.195829 1
1408042502 10.381861 1
1408043298 10.583692 1
1408101806 12.020595 1
1408102407 10.958147 1
1408103592 10.759193 1
1408105397 12.108817 1
1408105829 10.551885 1
1408106255 10.771360 1
1408109041 10.969343 1
1408109486 10.635854 1
1408109904 12.850748 1
1408110316 12.772666 1
1408110837 12.771710 1
1408112566 10.950018 1
1408113028 10.447829 1
1408113439 11.257597 1
1408113926 11.764099 1
1408114398 10.471471 1
1408116207 11.569247 1
1408116679 11.053113 1
1408117224 10.669554 1
1408117641 11.269017 1
1408118057 10.755235 1
1408494202 10.152072 1
1408548200 10.108918 1
1408548790 10.078310 1
1408549195 11.116797 1
1408549582 10.646639 1
1408550147 10.570190 1
1408551818 11.545694 1
1408552290 9.749329 1
1408552746 11.069800 1
1408553192 10.046266 1
1408553601 10.262883 1
1408555211 11.178850 1
1408555884 10.152354 1
1408556348 10.491397 1
1408557036 9.947711 1
1408557738 10.852615 1
1408559328 10.365554 1
1408560008 11.368082 1
1408560684 10.451405 1
1408561801 9.855257 1
1408563042 10.367629 1
1408564751 10.548893 1
1408565483 9.613214 1
1408566187 10.224096 1
1408566891 10.566836 1
1408627999 11.603376 1
1408628596 12.064891 1
1408629196 10.048615 1
1408631049 10.531316 1
1408631472 10.478354 1
1408631888 10.170648 1
1408632340 10.251270 1
1408632809 10.859205 1
1408634574 10.060549 1
1408634988 11.058174 1
1408635411 11.178181 1
1408635997 10.555278 1
1408636403 10.167454 1
1408638059 11.676315 1
1408638617 10.376090 1
1408639004 10.219686 1
1408639408 10.298157 1
1408640008 11.751529 1
1408653201 11.048232 1
1408653799 11.447957 1
1408654391 10.349650 1
1408656166 11.147551 1
1408656564 10.248128 1
1408656948 11.457599 1
1408657407 10.844884 1
1408657996 9.953210 1
1408659764 11.539697 1
1408660212 10.065457 1
1408660661 10.949500 1
1408661059 11.382900 1
1408661590 10.307671 1
1408663015 10.057639 1
1408663613 10.053803 1
1408664063 10.361374 1
1408707248 10.265891 1
1408711235 10.457871 1
1408711806 11.371590 1
1408713926 9.554059 1
1408714325 11.943182 1
1408714720 10.095445 1
1408715132 11.172297 1
1408715524 10.051841 1
1408717174 10.952478 1
1408717580 10.461896 1
1408717983 10.867700 1
1408718398 11.845653 1
1408718866 10.234938 1
1408725307 10.533213 1
1408726076 10.164191 1
1408726482 10.550936 1
1408726903 10.351515 1
1408727315 11.965680 1
1408730709 11.246057 1
1408731187 10.334598 1
1408731631 12.236356 1
1408732040 9.887437 1
1408732447 10.771347 1
1408734756 10.339427 1
1408739020 10.251985 1
1408739603 10.347390 1
1408740198 12.007665 1
1408740797 11.853746 1
1408746193 10.636457 1
1408746802 11.862083 1
1408747395 10.339442 1
1408962996 9.639091 1
1408965809 16.055759 0
1408966403 21.556466 0
1408967006 17.551284 0
1408967602 13.045503 0
1408969392 19.053791 0
1408970090 17.048625 0
1408971136 9.842995 1
1408971808 10.572103 1
1408972339 9.538700 1
1408973898 10.133825 1
1408974299 9.740404 1
1408974843 10.544169 1
1408975297 9.846292 1
1408975743 10.049936 1
1408977026 10.422511 1
1408977456 10.071873 1
1408990396 10.037622 0
1408990406 6.877604 0
1408990413 6.947442 0
1408990420 6.952808 0
1408990427 7.055536 0
1408990994 19.136989 0
1408991013 6.848587 0
1408991020 6.954534 0
1408991027 6.942350 0
1408991034 6.944907 0
1408991591 21.154326 0
1408992189 10.029149 0
1408992200 6.928391 0
1408992207 6.917606 0
1408992214 6.935580 0
1408992221 6.939698 0
1408992796 9.039598 0
1408992805 6.945289 0
1408992812 6.945524 0
1408992819 7.044603 0
1408992826 6.929921 0
1409066830 10.359708 1
1409102597 10.258540 1
1409103790 10.582833 1
1409124015 10.755567 1
1409153633 10.671573 1
1409154195 9.752166 1
1409154802 10.162237 1
1409156560 9.852295 1
1409157004 9.642930 1
1409157444 9.947197 1
1409157850 10.148406 1
1409159857 9.949081 1
1409161499 10.042827 1
1409161987 11.618510 1
1409162496 9.954575 1
1409162892 10.057141 1
1409163739 11.455721 1
1409177592 9.685121 1
1409178200 9.982571 1
1409178802 10.081087 1
1409179397 9.180276 1
1409180274 10.021545 1
1409181919 10.481171 1
1409185259 10.285956 1
1409185650 10.884169 1
1409186133 9.998810 1
1409186562 9.993268 1
1409188154 10.490685 1
1409387602 10.327400 1
1409390637 10.143043 1
1409391032 10.042261 1
1409391505 9.748040 1
1409391941 9.857588 1
1409392446 10.351492 1
1409394179 9.942230 1
1409394633 9.765940 1
1409395056 9.740598 1
1409395469 10.748101 1
1409396139 9.450705 1
1409397622 9.849910 1
1409398554 10.039626 1
1409399537 9.881116 1
1409417610 9.961272 1
1409419337 9.995324 1
1409419915 9.850775 1
1409420797 10.444985 1
1409421209 10.044792 1
1409423050 9.621937 1
1409423983 9.070448 1
1409424959 9.559108 1
1409431270 9.858335 1
1409434994 9.736020 1
1409435667 9.737013 1
1409437040 9.473522 1
1409480596 10.243540 1
1409481194 10.345697 1
1409494761 9.156386 1
1409497110 10.048934 1
1409497588 10.046673 1
1409498289 8.843681 1
1409498672 10.042037 1
1409499058 10.263423 1
1409501409 10.255483 1
1409501864 10.242065 1
1409502408 9.745728 1
1409524743 9.940567 1
1409564008 9.751330 1
1409564598 10.155495 1
1409565200 10.058128 1
1409567345 9.641717 1
1409567826 10.348550 1
1409568313 10.059019 1
1409569582 10.149840 1
1409569977 10.450590 1
1409571512 9.670938 1
1409571927 9.956709 1
1409572384 9.676061 1
1409572853 9.869329 1
1409573270 10.447618 1
1409579608 9.934689 1
1409581377 10.380607 1
1409581798 9.946341 1
1409582256 9.943275 1
1409582667 10.333402 1
1409583190 9.458941 1
1409584923 10.660082 1
1409585387 10.141416 1
1409585882 9.567292 1
1409586297 9.940463 1
1409586811 10.135587 1
1409601030 9.833852 1
1409603066 10.641294 1
1409649952 9.842675 1
1409650366 10.252300 1
1409650811 9.588761 1
1409651228 10.231626 1
1409651646 10.044440 1
1409653350 9.653092 1
1409653781 10.151936 1
1409654227 10.133261 1
1409654724 9.971400 1
1409655274 10.135892 1
1409665405 10.740210 1
1409665998 9.731385 1
1409667747 10.156140 1
1409668174 10.346767 1
1409668600 9.953931 1
1409669034 9.838619 1
1409669602 10.554863 1
1409671396 9.868103 1
1409671801 9.070356 1
1409672266 9.847792 1
1409672659 9.859559 1
1409673200 10.452044 1
1409677567 9.630550 1
1409679198 9.558624 1
1409679815 10.042775 1
1409680400 9.867900 1
1409682139 11.043246 1
1409682551 10.035709 1
1409682958 10.025380 1
1409683400 10.759676 1
1409690509 10.136731 1
1409692077 9.943927 1
1409692487 9.943345 1
1409692915 10.147156 1
1409693325 9.845093 1
1409693766 9.772913 1
1409695020 24.060440 1
1409695611 10.375766 1
1409696107 9.728316 1
1409696507 9.755047 1
1409696970 9.250729 1
1409698992 9.753750 1
1409699426 10.242528 1
1409734864 10.345805 1
1409735299 10.056101 1
1409735808 10.021574 1
1409736892 9.449758 1
1409737341 9.357025 1
1409737802 10.219463 1
1409738255 9.963604 1
1409738668 10.248475 1
1409741011 10.659427 1
1409741596 10.238386 1
1409743612 10.658991 1
1409744043 10.340901 1
1409744646 10.446344 1
1409745252 10.338318 1
1409745897 10.244118 1
1409747900 10.352639 1
1409748387 9.696569 1
1409748835 9.744898 1
1409749360 10.161354 1
1409749790 10.043908 1
1409751579 10.178775 1
1409752395 10.454332 1
1409753113 12.051493 1
1409753549 10.845320 1
1409754025 10.159927 1
1409755158 10.361699 1
1409756118 9.958857 1
1409756687 10.468817 1
1409757225 9.922713 1
1409757732 10.046604 1
1409758815 9.398249 1
1409759358 10.275388 1
1409759809 10.251761 1
1409760294 10.250712 1
1409761405 9.950985 1
1409763039 9.600205 1
1409763624 10.152755 1
1409764337 9.742256 1
1409765666 11.649874 1
1409774373 9.872803 1
1409777930 10.172512 1
1409778871 10.257647 1
1409782651 10.009066 1
1409783189 9.647928 1
1409783792 9.926846 1
1409784606 9.825853 1
1409785599 10.054231 1
1409787926 10.260592 1
1409788645 9.343665 1
1409789932 10.060506 1
1409791388 10.033414 1
1409792247 9.554231 1
1409821997 10.229016 1
1409822600 9.755132 1
1409823187 10.029947 1
1409823845 9.446383 1
1409824392 9.502536 1
1409826820 10.342501 1
1409827501 10.193037 1
1409827947 10.055585 1
1409828382 10.510048 1
1409828792 10.181225 1
1409830557 9.955009 1
1409831002 10.168411 1
1409831554 9.758137 1
1409831976 9.752493 1
1409832505 9.675425 1
1409833593 10.345887 1
1409834165 10.171122 1
1409834554 9.863318 1
1409834988 10.338857 1
1409835391 9.463668 1
1409836604 9.842371 1
1409837030 10.323170 1
1409837610 10.133330 1
1409838236 10.072376 1
1409838900 10.054062 1
1409840021 9.633802 1
1409840620 9.956175 1
1409841932 10.038656 1
1409842422 10.037972 1
1409844287 9.841179 1
1409844915 10.257855 1
1409845352 10.060596 1
1409845802 10.443317 1
1409846408 9.249309 1
1409848045 10.469087 1
1409848580 9.757668 1
1409849029 9.927548 1
1409849465 10.058734 1
1409849949 9.850908 1
1409930730 9.546935 1
1409931448 10.030643 1
1409931870 10.043123 1
1409932409 10.145931 1
1409934203 10.245292 1
1409934644 10.354252 1
1409935142 9.926868 1
1409935732 9.040040 1
1409936174 9.748900 1
1409937776 10.349616 1
1409938206 9.066155 1
1409938799 9.849683 1
1409939275 10.342721 1
1409940000 10.337584 1
1409952852 10.143782 1
1409953406 10.542974 1
1409953993 9.945144 1
1409956024 10.039539 1
1409958112 10.030906 1
1409958536 9.743045 1
1409959394 10.138716 1
1409960088 9.664461 1
1409961750 9.944946 1
1409962215 10.931733 1
1409962903 9.815022 1
1409963600 9.870607 1
1409964433 10.048190 1
1409966116 10.035510 1
1409966746 9.756147 1
1409967160 10.055151 1
1409967599 10.039562 1
1409968229 9.787579 1
1409969420 9.664820 1
1409969964 10.022645 1
1409970452 10.151872 1
1409971103 10.263044 1
1409971690 9.704736 1
1409972846 10.539036 1
1409973250 10.207353 1
1409973869 10.468576 1
1409974276 10.444879 1
1409975043 9.857635 1
1409976269 10.274587 1
1409976672 10.117428 1
1409977125 9.959426 1
1409977611 10.132581 1
1409978120 10.249302 1
1409996738 9.757364 1
1409997203 8.649820 1
1409998963 10.108325 1
1409999531 9.853075 1
1410000199 9.855260 1
1410000737 10.138994 1
1410001311 10.450108 1
1410002945 15.356332 1
1410003606 10.354940 1
1410004339 9.932628 1
1410004855 10.346120 1
1410005672 10.169042 1
1410015200 10.139050 1
1410018398 10.657454 1
1410019728 10.141255 1
1410020198 9.830034 1
1410020668 10.249161 1
1410021144 9.907137 1
1410022922 10.063329 1
1410023339 9.811368 1
1410023759 10.044976 1
1410024636 9.736451 1
1410025104 10.205018 1
1410027818 9.649927 1
1410034394 11.450962 1
1410034998 10.245746 1
1410035681 10.135300 1
1410036224 9.516041 1
1410036821 10.147387 1
1410040827 9.817812 1
1410042934 9.845522 1
1410048729 9.658944 1
1410050878 10.315954 1
1410051597 10.243249 1
1410052288 9.928665 1
1410113598 10.247821 1
1410114201 11.455412 1
1410116146 10.249800 1
1410117029 10.354244 1
1410117527 9.890592 1
1410119498 9.852109 1
1410165803 10.350094 1
1410166426 10.260687 1
1410168186 10.177522 1
1410168584 10.239698 1
1410169024 9.942899 1
1410169461 9.977417 1
1410170001 10.141575 1
1410171812 9.761369 1
1410172268 10.036306 1
1410172745 9.846444 1
1410173296 10.047839 1
1410174113 9.555572 1
1410194601 9.731906 1
1410767267 9.272013 1
1410904880 11.160021 1
1410913106 10.376641 1
1410975639 10.353963 1
1410979300 9.741305 1
1410980425 9.932279 1
1410989226 9.762973 1
1410996667 10.258697 1
1411013950 10.039217 1
1411027576 10.134411 1
1411078724 10.144571 1
1411079476 10.468435 1
1411080567 10.100776 1
1411082192 10.271495 1
1411083780 10.258503 1
1411085372 10.343655 1
1411321087 10.168776 1
1411376760 10.168602 1
