1407427992 11.005665 1
1407483836 11.912398 1
1407484436 10.820988 1
1407485633 14.086949 1
1407486229 11.418529 1
1407486977 10.779839 1
1407487425 11.115891 1
1407488013 11.006519 1
1407490575 10.703711 1
1407491008 10.790019 1
1407497688 10.897509 1
1407498223 10.589519 1
1407498813 10.778156 1
1407500538 10.486456 1
1407501001 10.678433 1
1407501447 10.678363 1
1407502504 10.790420 1
1407504100 10.386633 1
1407504494 10.788128 1
1407504925 10.371180 1
1407506052 10.174604 1
1407531233 10.504398 1
1407532903 10.483059 1
1407533292 10.480334 1
1407533689 11.886748 1
1407534825 10.480987 1
1407600827 10.476256 1
1407601430 10.886035 1
1407602038 10.682820 1
1407602626 11.274032 1
1407603239 10.784506 1
1407604914 10.483112 1
1407606393 10.790358 1
1407607060 10.082784 1
1407607512 10.380364 1
1407608137 10.900713 1
1407610526 10.376334 1
1407610984 12.288996 1
1407611400 10.284722 1
1407611832 10.392913 1
1407613190 10.477339 1
1407615708 10.483914 1
1407616551 10.497566 1
1407677627 10.640935 1
1407678247 10.862512 1
1407678850 10.716396 1
1407680513 10.754316 1
1407680978 11.140891 1
1407681448 11.446716 1
1407681973 10.558345 1
1407696752 10.949674 1
1407697197 10.168758 1
1407697594 10.739286 1
1407698305 10.656536 1
1407763664 10.651016 1
1407767133 11.843970 1
1407769178 10.147149 1
1407769939 10.756225 1
1407771970 11.660754 1
1407772716 11.655321 1
1407773477 10.557503 1
1407774181 10.541282 1
1407775184 10.668896 1
1407777121 10.586097 1
1407777538 10.821879 1
1407778128 10.676727 1
1407795034 10.710830 1
1407796809 10.410461 1
1407797210 10.748120 1
1407799152 10.979786 1
1407799933 10.356302 1
1407801877 11.116490 1
1407802298 11.025659 1
1407818431 10.273181 1
1407850967 10.882191 1
1407851721 10.904357 1
1407852442 10.599161 1
1407853223 10.901945 1
1407855201 10.511833 1
1407855672 11.390187 1
1407856514 10.182281 1
1407857359 10.471335 1
1407858241 10.483153 1
1407860598 9.786963 1
1407861355 10.504165 1
1407862196 11.300411 1
1407865760 10.781531 1
1407870924 10.675785 1
1407921838 10.580158 1
1407922434 10.696004 1
1407923040 10.681775 1
1407923637 11.074111 1
1407925506 11.187156 1
1407925911 10.877713 1
1407926314 10.380301 1
1407926720 10.384727 1
1407927220 13.191039 1
1407929015 10.377190 1
1407929423 9.804981 1
1407929815 11.188779 1
1407930225 10.682271 1
1407930830 10.787898 1
1407939946 10.681179 1
1407940488 10.882312 1
1407940967 10.680120 1
1407941423 10.773714 1
1407941883 10.787448 1
1407945212 10.203734 1
1407950030 11.085562 1
1407950805 10.882302 1
1407951243 10.875512 1
1407951828 11.086109 1
1407952429 11.086760 1
1407958638 10.801142 1
1407959050 10.980399 1
1407969679 10.407533 1
1407976784 10.980750 1
1407977822 10.880468 1
1407978686 11.280785 1
1407981531 10.073708 1
1408026303 10.961010 1
1408026834 10.845921 1
1408027432 10.741548 1
1408028032 11.258871 1
1408029846 10.642661 1
1408030272 10.464907 1
1408030748 11.456106 1
1408031303 10.681846 1
1408031955 10.781365 1
1408033635 11.281986 1
1408034069 10.189171 1
1408034785 10.588540 1
1408035803 10.883299 1
1408036695 10.284806 1
1408040470 10.783533 1
1408041803 10.179201 1
1408042540 10.890170 1
1408043358 11.278406 1
1408101843 11.141267 1
1408102443 10.553980 1
1408103628 10.577372 1
1408105423 10.149369 1
1408105852 10.438173 1
1408106290 11.259297 1
1408109076 10.969061 1
1408109521 11.045499 1
1408109941 10.772525 1
1408110353 10.651924 1
1408110874 10.650149 1
1408112589 10.557735 1
1408113051 10.062029 1
1408113475 10.754972 1
1408113962 11.558090 1
1408114433 10.297795 1
1408116252 10.746502 1
1408116716 10.477969 1
1408117247 10.768222 1
1408117677 11.162116 1
1408118093 10.861503 1
1408356875 10.952497 1
1408358747 11.958923 1
1408359252 10.565789 1
1408361061 10.741373 1
1408361655 10.652877 1
1408362270 10.764762 1
1408362912 10.738602 1
1408364585 10.956047 1
1408364995 10.462732 1
1408365428 10.743722 1
1408365919 11.257924 1
1408368361 10.493884 1
1408368840 10.912009 1
1408369296 10.780578 1
1408369819 10.984255 1
1408370276 10.694940 1
1408371787 10.994275 1
1408372214 10.607784 1
1408372629 10.812489 1
1408373098 10.619228 1
1408373648 10.880906 1
1408375418 10.405801 1
1408375955 10.788371 1
1408376380 10.515813 1
1408376834 10.883529 1
1408377367 10.202946 1
1408379029 10.717368 1
1408379656 10.590647 1
1408380091 11.101604 1
1408380556 10.497162 1
1408381020 10.610506 1
1408473621 11.278963 1
1408474083 12.464233 1
1408474561 10.159284 1
1408475459 11.543249 1
1408476971 11.150745 1
1408477408 10.949211 1
1408477880 10.853106 1
1408478332 11.339285 1
1408478842 10.953863 1
1408479991 11.434184 1
1408480434 10.562986 1
1408480866 10.658751 1
1408481342 12.244821 1
1408481802 11.053621 1
1408482916 11.551419 1
1408483479 11.158984 1
1408484086 11.750774 1
1408484691 11.417635 1
1408485280 10.738920 1
1408486470 10.843070 1
1408487347 10.910652 1
1408488218 11.123863 1
1408488637 12.057921 1
1408489067 11.746260 1
1408490132 11.239047 1
1408490681 11.166811 1
1408491283 11.123649 1
1408491866 11.257203 1
1408492479 11.908622 1
1408494238 12.449297 1
1408548236 15.265357 1
1408548824 11.853150 1
1408549219 9.642511 1
1408549607 11.223450 1
1408550183 11.553127 1
1408551854 11.123560 1
1408552325 12.152586 1
1408552782 11.552403 1
1408553215 10.386930 1
1408553641 12.759352 1
1408555239 10.676881 1
1408555911 11.166801 1
1408556375 10.204406 1
1408557073 10.748952 1
1408557778 10.949960 1
1408559366 11.738482 1
1408560047 11.468937 1
1408560711 10.436406 1
1408561839 11.569084 1
1408563081 11.955823 1
1408564790 11.041389 1
1408565520 11.023023 1
1408566226 10.929124 1
1408566930 11.314110 1
1408628037 10.650798 1
1408628633 10.662365 1
1408629231 10.843626 1
1408631073 10.760368 1
1408631507 10.855367 1
1408631923 10.935896 1
1408632364 10.712990 1
1408632845 10.541820 1
1408634608 11.039856 1
1408635023 11.063359 1
1408635446 11.240245 1
1408636021 10.851057 1
1408636438 10.769429 1
1408638099 14.856742 1
1408638655 10.636153 1
1408639042 10.970037 1
1408639434 11.018386 1
1408640047 11.225241 1
1408653236 10.539187 1
1408653836 10.945656 1
1408654426 10.938964 1
1408656203 10.917996 1
1408656587 10.500767 1
1408656972 10.568727 1
1408657442 10.548834 1
1408658018 10.354194 1
1408659801 10.549064 1
1408660246 10.554900 1
1408660686 10.154425 1
1408661095 11.152642 1
1408661626 10.444038 1
1408663053 10.559759 1
1408663651 10.534751 1
1408664101 10.575831 1
1408707272 10.577610 1
1408711259 10.441568 1
1408711831 10.556903 1
1408713948 10.368058 1
1408714361 10.447076 1
1408714754 10.814978 1
1408715156 10.366266 1
1408715559 10.761131 1
1408717210 10.583598 1
1408717615 10.757628 1
1408718018 10.652395 1
1408718434 10.344467 1
1408718901 10.647867 1
1408725344 10.667829 1
1408726099 10.640005 1
1408726518 10.846143 1
1408726938 11.064632 1
1408727352 10.936807 1
1408730746 10.575249 1
1408731212 10.879153 1
1408731662 10.350284 1
1408732075 10.234968 1
1408732483 11.345269 1
1408734796 10.545787 1
1408739056 11.155429 1
1408739638 10.761768 1
1408740235 10.838676 1
1408740834 10.734607 1
1408746229 10.913072 1
1408746827 10.432754 1
1408747430 10.735691 1
1408963031 10.448825 1
1408965882 10.636470 1
1408966466 10.851542 1
1408967073 12.843421 1
1408967672 11.343829 1
1408969462 10.412494 1
1408970412 10.737185 1
1408971171 10.620378 1
1408971844 11.248070 1
1408972372 10.442587 1
1408973922 10.648303 1
1408974334 10.745261 1
1408974878 10.857576 1
1408975332 11.147316 1
1408975767 10.425761 1
1408977065 10.444645 1
1408977494 11.100257 1
1408990444 10.452856 1
1408991049 10.552321 1
1408991770 10.336635 1
1408992239 10.641707 1
1408992844 10.429742 1
1409066866 11.037438 1
1409102632 10.866972 1
1409103880 10.836001 1
1409124107 10.746956 1
1409153670 10.764865 1
1409154230 11.042402 1
1409154837 10.550824 1
1409156596 10.445293 1
1409157038 10.554924 1
1409157478 10.748059 1
1409157885 11.267200 1
1409159892 10.646867 1
1409161524 10.633377 1
1409162023 10.847861 1
1409162519 10.965201 1
1409162926 10.038048 1
1409163764 10.199499 1
1409177628 10.845793 1
1409178234 10.517428 1
1409178824 9.607099 1
1409179430 10.095119 1
1409180308 11.281776 1
1409181954 10.791140 1
1409185293 10.786009 1
1409185674 10.410460 1
1409186157 10.388004 1
1409186596 11.084019 1
1409188189 10.482718 1
1409387628 9.859129 1
1409388292 10.657308 1
1409390664 10.251401 1
1409391069 10.549830 1
1409391545 10.643508 1
1409391977 10.817694 1
1409392482 10.839703 1
1409394218 10.740868 1
1409394660 10.650425 1
1409395084 10.568634 1
1409395498 11.074112 1
1409396168 10.811629 1
1409397650 10.734996 1
1409398583 10.045180 1
1409399565 10.422440 1
1409417645 11.111591 1
1409419362 10.459792 1
1409419954 11.388025 1
1409420400 9.858217 1
1409420824 10.250840 1
1409421236 11.111032 1
1409423075 10.023341 1
1409423569 10.458173 1
1409424010 14.441688 1
1409424482 9.850912 1
1409424996 10.755881 1
1409430838 11.472481 1
1409431311 10.694143 1
1409435026 10.561158 1
1409435708 10.870071 1
1409437085 10.964077 1
1409480634 11.075670 1
1409481222 10.340379 1
1409494796 11.156414 1
1409497137 10.517168 1
1409497613 10.854639 1
1409498312 10.267548 1
1409498696 10.268130 1
1409499093 10.951415 1
1409501435 10.850635 1
1409501889 10.655053 1
1409502444 10.834419 1
1409524812 10.238110 1
1409564033 10.540237 1
1409564622 10.240326 1
1409565224 9.939843 1
1409567372 11.151246 1
1409567852 10.754163 1
1409568349 10.445194 1
1409569606 10.352725 1
1409570019 10.652236 1
1409571547 10.664636 1
1409571953 11.204374 1
1409572420 10.845448 1
1409572889 10.846436 1
1409573296 10.445339 1
1409579639 10.536226 1
1409581403 10.246504 1
1409581839 11.356329 1
1409582293 11.149000 1
1409582697 10.168636 1
1409583214 10.358740 1
1409584949 12.844483 1
1409585426 10.870194 1
1409585919 12.074663 1
1409586333 10.353774 1
1409586840 10.348956 1
1409601140 10.650831 1
1409603193 10.637915 1
1409649980 10.335548 1
1409650393 10.741134 1
1409650846 10.639623 1
1409651255 10.373931 1
1409651682 10.848723 1
1409653386 11.237421 1
1409653810 10.334838 1
1409654265 10.338749 1
1409654763 10.351442 1
1409655311 10.834988 1
1409665435 11.449922 1
1409666028 10.639441 1
1409667787 10.436502 1
1409668210 10.939214 1
1409668629 10.340969 1
1409669070 11.198026 1
1409669638 10.744513 1
1409671426 10.459806 1
1409671833 10.757302 1
1409672295 10.448181 1
1409672684 10.872759 1
1409673242 11.130003 1
1409677599 10.765664 1
1409679237 10.931128 1
1409679856 10.946122 1
1409680437 12.058695 1
1409682177 10.829871 1
1409682583 10.941292 1
1409682986 12.246601 1
1409683443 12.846157 1
1409690535 10.446733 1
1409692101 10.154098 1
1409692524 10.849096 1
1409692940 10.495851 1
1409693363 10.965486 1
1409693795 10.646318 1
1409695067 9.951099 1
1409695662 11.260484 1
1409696135 10.249002 1
1409696549 10.666512 1
1409697008 10.774477 1
1409699028 10.142106 1
1409699454 10.258301 1
1409734904 10.771302 1
1409735402 10.366092 1
1409735843 13.140969 1
1409736937 11.034522 1
1409737384 10.251500 1
1409737847 10.679184 1
1409738297 10.943981 1
1409738711 10.345177 1
1409741050 10.774447 1
1409741634 10.969072 1
1409743645 12.572591 1
1409744068 10.234829 1
1409744691 10.801887 1
1409745282 10.260886 1
1409745937 10.856424 1
1409747937 10.357660 1
1409748414 11.358027 1
1409748865 10.125198 1
1409749397 10.757335 1
1409749818 10.848770 1
1409751622 294.166704 0
1409752431 10.950712 1
1409753161 10.967548 1
1409753595 10.867048 1
1409754053 15.152470 1
1409755187 10.250851 1
1409756147 10.945529 1
1409756720 10.831950 1
1409757264 10.148163 1
1409757772 10.560991 1
1409758845 10.453156 1
1409759397 10.835020 1
1409759862 11.251572 1
1409760325 12.569990 1
1409761453 10.870315 1
1409763086 10.835177 1
1409763659 11.003711 1
1409764371 10.643937 1
1409765707 11.063286 1
1409774404 10.258741 1
1409777966 10.582725 1
1409778901 10.455209 1
1409782688 11.553605 1
1409783214 10.403709 1
1409783828 10.739773 1
1409784630 10.557378 1
1409785642 11.046686 1
1409787965 12.058587 1
1409788687 11.258211 1
1409789974 10.844597 1
1409791417 10.543698 1
1409792278 10.673894 1
1409822036 11.144449 1
1409822638 10.558444 1
1409823226 10.540957 1
1409823872 10.240513 1
1409824437 10.475463 1
1409826851 10.300030 1
1409827540 10.778447 1
1409827977 10.668219 1
1409828422 10.665957 1
1409828835 11.063225 1
1409830600 10.685108 1
1409831044 10.627420 1
1409831597 10.749111 1
1409832022 10.332910 1
1409832531 10.649898 1
1409833623 10.459573 1
1409834203 12.653933 1
1409834596 10.849872 1
1409835026 11.140958 1
1409835423 10.870033 1
1409836646 12.499410 1
1409837062 10.455365 1
1409837656 10.569822 1
1409838276 10.768141 1
1409838940 11.162569 1
1409840067 10.750491 1
1409840661 10.761583 1
1409841959 10.745107 1
1409842451 10.126333 1
1409844313 10.559890 1
1409844947 10.542745 1
1409845379 10.637599 1
1409845831 10.754014 1
1409846443 10.796688 1
1409848071 12.475689 1
1409848619 10.659375 1
1409849054 10.452050 1
1409849505 12.248985 1
1409849989 11.066275 1
1409930773 10.653531 1
1409931483 10.449089 1
1409931915 10.649873 1
1409932449 10.847065 1
1409934245 10.355471 1
1409934671 10.441307 1
1409935178 10.843838 1
1409935763 10.553066 1
1409936221 10.751661 1
1409937803 13.239469 1
1409938232 170.893846 0
1409938842 10.676983 1
1409939316 10.737845 1
1409940034 10.655743 1
1409952888 10.852270 1
1409953449 10.551110 1
1409954028 10.751285 1
1409956049 10.653352 1
1409958150 11.347764 1
1409958561 10.845073 1
1409959431 10.361024 1
1409960129 10.958484 1
1409961776 10.139769 1
1409962252 10.637627 1
1409962941 10.643769 1
1409963641 10.732865 1
1409964465 10.273215 1
1409966157 12.445570 1
1409966778 10.667253 1
1409967194 18.059395 1
1409967639 187.709651 0
1409968267 10.842740 1
1409969471 11.116243 1
1409970000 12.854240 1
1409970483 10.605063 1
1409971155 12.328399 1
1409971723 10.513346 1
1409972878 10.639286 1
1409973286 15.771581 1
1409973913 10.248130 1
1409974304 10.968900 1
1409975085 10.864151 1
1409976312 10.747616 1
1409976707 10.458309 1
1409977159 9.928818 1
1409977652 14.772156 1
1409978167 10.843649 1
1409996775 10.837822 1
1409997245 11.071792 1
1409998992 13.939608 1
1409999571 10.455754 1
1410000236 10.766773 1
1410000768 10.756967 1
1410001348 10.843093 1
1410002977 10.444116 1
1410003633 10.847527 1
1410004376 11.747715 1
1410004901 10.742564 1
1410005715 10.469694 1
1410015244 10.836584 1
1410018433 12.378353 1
1410019771 10.842541 1
1410020236 11.055027 1
1410020706 11.165840 1
1410021182 10.734350 1
1410022951 11.334647 1
1410023375 10.856502 1
1410023799 12.079392 1
1410024667 11.341914 1
1410025138 10.936979 1
1410027865 11.745522 1
1410034436 11.144011 1
1410035039 10.892087 1
1410035723 11.950582 1
1410036256 10.740054 1
1410036864 10.750941 1
1410040858 10.555317 1
1410042960 12.564238 1
1410048756 13.950366 1
1410050912 10.344609 1
1410051641 10.721502 1
1410052333 10.276373 1
1410113634 10.747891 1
1410114229 9.961727 1
1410116183 10.541413 1
1410117055 10.260135 1
1410117908 11.130003 1
1410119533 10.736712 1
1410165828 10.101903 1
1410166462 10.739939 1
1410168210 10.453971 1
1410168620 10.766733 1
1410169051 10.667174 1
1410169496 10.856150 1
1410170037 10.561289 1
1410171835 9.753031 1
1410172303 10.851814 1
1410172779 10.561381 1
1410173319 10.728290 1
1410174149 10.898033 1
1410194641 10.846982 1
1410767344 10.161000 1
1410904969 10.848814 1
1410913196 10.858205 1
1410975726 10.655141 1
1410979384 10.963674 1
1410980512 10.946908 1
1410989313 10.451171 1
1410996754 10.950037 1
1411014036 10.556078 1
1411078832 10.954038 1
1411080740 10.560774 1
1411082361 11.349608 1
1411083948 10.966029 1
1411085529 11.129029 1
1411321190 10.738681 1
1411376841 12.231515 1
